Sample	richness	shannon	simpson	invsimpson
B0	0	0	1	Inf
B1	5	0.80370113407121	0.441952303903096	1.79196152406721
B1-colon	8	0.843658394356257	0.401503138856824	1.67085253895889
B1-d31	3	0.28980179949538	0.12602901139538	1.14420274018088
b1-d33	5	0.689729167312019	0.35771036940998	1.55693000847823
B1-d39	7	1.14832138530116	0.59878856077206	2.49245136660191
B1-d40	7	1.20940398508011	0.62829228432564	2.69028582897662
B1-d48	9	1.1049459735055	0.52169144742752	2.09070064631233
B19	8	1.20512281698373	0.565210505880373	2.29996357668399
B2-d29	2	0.016461174912245	0.00465232728288001	1.00467407259835
b2-d33	5	0.865667789834983	0.47057489723154	1.88884130119788
B2-d39	5	0.974112020646646	0.52027892359283	2.08454464308597
B3	5	0.735854335302487	0.354729169285263	1.5497368738834
B3-d34	5	1.14048383482361	0.6391981958547	2.77160476613716
B3-d39	7	1.05207119866553	0.57997768791652	2.38082590193744
B3-d40	7	1.16766796241118	0.60553930309468	2.53510681252998
B3-d48	8	1.10224407554397	0.52840921379556	2.12048248026307
B4-d29	3	0.153296794739403	0.05808113108056	1.06166256245317
B4-d34	6	0.848573144521101	0.47764785736894	1.91441734107388
B4-d40	7	1.22826948317659	0.64609147471844	2.8255888981607
B4-d48	7	1.00580158191241	0.47850313749614	1.91755707828942
B5-d29	2	0.0064908495318555	0.00159492607277989	1.00159747392559
b5-d33	4	0.585191295887481	0.30401783150994	1.43681842046257
B5-d39	8	1.1979855067056	0.631183461957621	2.71137516041945
B5-d40	5	0.973366744582119	0.510165246544204	2.0415047992103
B5-d48	9	1.06368756190297	0.488384036042482	1.95459108090504
B6-d29	2	0.0530306615621773	0.0185410519287801	1.01889131681485
b6-d33	4	0.543232682813649	0.268082842037289	1.36627484288454
B6-d34	5	1.02861741071479	0.563618631880801	2.29157354794957
B6-d39	5	0.95725124920153	0.5268782281224	2.11362076201115
B6-d40	5	1.10525487669721	0.56797492191112	2.31468044499554
B6-d48	9	1.16230388272874	0.535846016087771	2.15445743149993
B7-d29	2	0.026209628561403	0.00801541645757986	1.00808018248525
b7-d33	4	0.674906027987386	0.36491132430798	1.57458326415655
B7-d40	5	1.29945266389014	0.680102290181095	3.12599924696586
B7-d48	8	1.21304609154781	0.56391809298556	2.2931471907338
C0	0	0	1	Inf
C1	5	0.678128179033797	0.34412854127224	1.52468900223189
C1-d33	3	0.150095677973244	0.0640146577800601	1.0683927994302
C1-d44	4	0.91726408044303	0.50771453479698	2.03134171265365
C1-d45	4	0.507526809468154	0.25150603919717	1.33601612353346
C1-d53	5	0.998746153756646	0.504716764509242	2.01904673597348
C19	8	0.983641680391613	0.446518468777982	1.80674501964343
C2-colon	6	0.830399858483049	0.41694493720606	1.71510387922558
C2-d33	1	0	0	1
C2-d37	4	0.926711935659325	0.485153050541965	1.94232480361916
C2-d44	4	0.799097230359093	0.4226168162091	1.73195206939409
C2-d45	4	1.02990742084082	0.586373012493	2.41763721953243
C2-d49	5	1.04920412810502	0.55611583215298	2.25283998041723
C2-d53	5	0.951247250741423	0.47927198487216	1.92038832355601
C3	5	1.01517358961047	0.536014238230027	2.15523854909962
C3-colon	5	0.778288784675637	0.40429964816698	1.67869633939768
C3-d33	3	0.140101166414331	0.0575309707753652	1.06104282368058
C3-d44	4	0.85738275741539	0.47376872377826	1.90030514183772
C3-d45	4	0.864886186019528	0.47173156795324	1.89297701572954
C3-d53	5	1.01751701949426	0.527100179465819	2.11461277120049
C4-d33	3	0.856689877314772	0.53868412998038	2.1677121143859
C4-d44	5	0.813043185338208	0.43269924870006	1.76273343144452
C4-d45	3	0.72055095764568	0.45714084482144	1.8420984346687
C4-d53	5	0.939533735127511	0.46740401856346	1.87759584160353
C5-d34	4	0.803230099807651	0.449039054190626	1.81501067835394
C5-d44	4	0.823249832452167	0.44638259621064	1.80630159593118
C5-d45	4	0.725683013547413	0.38259129863086	1.61967267027893
C5-d53	5	0.926759570616583	0.462660704075215	1.86102153254761
C6-d33	3	0.40278428550111	0.23464480228194	1.30658288201549
C6-d37	4	0.863111070041055	0.519527605746396	2.08128502690246
C6-d44	4	1.0999312619634	0.618771127540408	2.62309618248024
C6-d49	5	0.818141872430606	0.408235354818527	1.68986100832931
C6-d53	6	0.856690408337022	0.41305196062136	1.7037283250126
C7-d33	3	0.737825969466274	0.49532029736622	1.98145476186437
C7-d38	4	1.05744476050527	0.55674930061498	2.25605961002979
C7-d44	4	0.965530892066578	0.538952698344394	2.16897484576752
C7-d45	4	0.808597654880062	0.42906292654445	1.75150650832251
C7-d53	6	1.10412530654182	0.56526072180613	2.30022924120064
C8-d35	3	0.285472423668988	0.13077604475846	1.15045149638348
C8-d38	4	1.34237170814469	0.7259890046201	3.64948858571737
C8-d44	4	1.04955412795284	0.57800411046978	2.36969132830472
C8-d45	4	0.849939393962715	0.468018703638916	1.87976533543624
C8-d53	5	0.908117513678021	0.454347446946686	1.8326680493004
CONV_MERO1_COLON	3	1.00000919538251	0.6029225294155	2.51840024700468
CONV_MERO1_D0	4	1.04787860788604	0.60093140520634	2.50583486910829
CONV_MERO1_D1	4	0.360967092415778	0.187560368524905	1.23086068337701
CONV_MERO1_D3	2	0.140213102277541	0.0611768365735799	1.06516332250506
CONV_MERO2_COLON	3	1.00728934865451	0.6138152979305	2.58943452353541
CONV_MERO2_D0	5	1.20087213673992	0.65230841432796	2.87611216724482
CONV_MERO2_D3	2	0.0206415792765485	0.00605694475742014	1.00609385489991
CONV_MERO3_COLON	3	0.257570883506356	0.113051718648663	1.12746145522309
CONV_MERO3_D1	3	1.04196349843471	0.626742960715602	2.67911893079681
CONV_MERO3_D3	3	0.381936886161814	0.17809022103176	1.21667855230451
CONV_MERO4_COLON	3	1.07105854618282	0.64834105157206	2.84366430733644
CONV_MERO4_D0	5	0.788516975877849	0.3781564222121	1.60812145645586
CONV_MERO4_D1	2	0.0234738127488368	0.00704143299551996	1.00709136637671
CONV_MERO4_D3	2	0.627717164599023	0.4360099729755	1.77308099803786
CONV_PBS1_COLON	5	1.18681323821345	0.632287104283453	2.71951299954096
CONV_PBS1_D0	4	0.730356259129145	0.4005628137283	1.66823150598926
CONV_PBS1_D3	6	0.985008767556427	0.473006361085283	1.89755611103653
CONV_PBS2_COLON	5	0.982864289164652	0.543639452404005	2.19124989061341
CONV_PBS2_D1	7	1.3207446978881	0.657352306783031	2.91844953226283
CONV_PBS2_D3	5	0.871180319699727	0.42418792105538	1.73667770539454
CONV_PBS3_COLON	4	0.905254838626201	0.55632356611292	2.25389478372545
CONV_PBS3_D1	8	1.74363129638035	0.787061080595628	4.69618237378671
CONV_PBS4_COLON	4	1.0499444727491	0.59524504436766	2.47063065216267
CONV_PBS4_D0	6	0.767964585796188	0.38344990960676	1.62192823516122
CONV_PBS4_D1	7	0.991731548363578	0.535161382357111	2.15128425661107
CONV_PBS4_D3	7	0.846943747629885	0.410426532254109	1.69614145599748
CONV_WATER_F12	0	0	1	Inf
GF1_A10	7	1.18008171578839	0.57591824092408	2.35803587067506
GF1_B_mom_d32	8	1.40160323704202	0.63564481892649	2.7445746676462
GF1_B10	7	1.24071190125992	0.63122231725567	2.71166083738666
GF1_B14	7	0.859341267201196	0.40216776383768	1.67271006732478
GF1_B17	8	1.27551081277027	0.587934298437254	2.42679746508271
GF1_B25	8	1.24283793058449	0.5566166167893	2.25538447733119
GF1_B3_d38	6	0.984627463487179	0.548807493414736	2.21634886529532
GF1_B5_D38	4	0.96192086893932	0.55601108173974	2.25230846733389
GF1_B6_d38	4	0.859318389090704	0.48782660844762	1.95246378764237
GF1_B7_D38	4	0.832398908653001	0.45541542887336	1.8362620849342
GF1_C_mom_d32	7	1.11807418195948	0.52001401007048	2.08339414270579
GF1_C10	8	1.20357566979556	0.58368918664272	2.40205146711333
GF1_C14	8	1.22352721673711	0.579803648776264	2.37983979891235
GF1_C17	8	1.11441922851378	0.535647347850999	2.15353567029724
GF1_C25	8	1.11032222666443	0.52364752366377	2.09928582232069
GF1_C4_d39	4	1.12352270983982	0.59754981368014	2.48477956773815
GF1_C6_d39	4	1.31338396643486	0.71375462148732	3.4935061840857
GF1_C7_d39	4	1.32525109338757	0.72370217238766	3.61928288992214
GF1_INOC_GF1	8	1.25380193437221	0.62609430097588	2.67447113700049
GF10_A_DAM_D0	5	1.04251727730805	0.506869933601588	2.02786256231247
GF10_A1_COLON_D35	5	0.693162793590969	0.32477059522874	1.48097815784364
GF10_A1_d101	3	0.579411984815322	0.37645784880654	1.60374081862148
GF10_A1_d104_colon	3	0.743130883600932	0.46561073417214	1.87129507261122
GF10_A1_d127_colon	5	1.1556108761151	0.60520556834206	2.53296379029587
GF10_A1_D32	7	1.40057112536959	0.711228779964109	3.46294897350128
GF10_A1_D34	3	0.378643233399413	0.176898921262183	1.2149176156268
GF10_A1_d77	2	0.219939118745654	0.10832837976888	1.12148909678296
GF10_A1_d79	1	0	0	1
GF10_A1_d80_colon	4	0.79794079892102	0.433850083251492	1.76631660699195
GF10_A2_COLON_D35	1	0	0	1
GF10_A2_d101	1	0	0	1
GF10_A2_d103	3	0.11121745736079	0.0430922680612602	1.04503283506128
GF10_A2_d104_colon	4	0.241121523231249	0.102676939500311	1.11442583392779
GF10_A2_d127_colon	1	0	0	1
GF10_A2_D32	7	1.46452178834245	0.73626737804148	3.79171902426724
GF10_A2_D33	4	0.27390373192162	0.11493178449794	1.12985641387285
GF10_A2_D34	5	0.763882323910942	0.37364301857822	1.59653365358853
GF10_A2_d77	2	0.294552482772089	0.15816747646392	1.18788473008805
GF10_A2_d79	1	0	0	1
GF10_A3_COLON_D35	1	0	0	1
GF10_A3_d104_colon	8	1.28920388046888	0.676197733652727	3.08830451151788
GF10_A3_d127_colon	0	0	1	Inf
GF10_A3_D33	4	0.181356412117558	0.0660003250815799	1.07066418421114
GF10_A3_D34	5	0.644609015364591	0.2981830453644	1.42487295782021
GF10_A3_d79	2	0.236549072683665	0.1189730380755	1.13503904331783
GF10_A3_d80_colon	4	0.24405760982489	0.09971265283224	1.11075647474768
GF10_A4_d101	3	0.171597040524184	0.0686319674370399	1.07368941711278
GF10_A4_d104_colon	3	0.635357576625577	0.36382483936078	1.57189412896161
GF10_A4_d127_colon	0	0	1	Inf
GF10_A4_d77	2	0.249006190244261	0.1271294725155	1.14564528015612
GF10_A5_d101	2	0.0700577575646419	0.0259710972286202	1.02666357964812
GF10_A5_d104_colon	2	0.180688888134326	0.0842669771871198	1.09202133710137
GF10_A5_d127_colon	2	0.432018211704829	0.26254688936832	1.35601841741969
GF10_A56_d101	3	0.150998655484611	0.0625687696727533	1.06674491701211
GF10_A6_d102	4	0.601644790249441	0.30402802073394	1.43683945588521
GF10_A6_d103	4	1.00888450096959	0.59247142034271	2.45381563384082
GF10_A6_d104_colon	3	1.02865419008369	0.62514650505478	2.66770888756456
GF10_A6_d127_colon	0	0	1	Inf
GF10_A7_d103	2	0.0275907564413237	0.00851523335838	1.00858836529302
GF10_A7_d104_colon	1	0	0	1
GF10_A7_d127_colon	2	0.0284089651619981	0.00881381219549993	1.00889218625516
GF10_A8_d102	2	0.0461755473824689	0.01570116253152	1.01595162153386
GF10_A8_d104_colon	8	1.15537223230686	0.58787536601822	2.42645044131046
GF10_Adam_d1	4	1.02177336761593	0.55728298369046	2.25877922727239
GF10_Adam_d20	7	1.09036854887449	0.51349047309386	2.05545820728178
GF10_C1_COLON_D55	2	0.0416384812622682	0.0138741944023799	1.01406939593673
GF10_C1_d102_colon	0	0	1	Inf
GF10_C1_d55	1	0	0	1
GF10_C1_d77	3	0.553169117074638	0.352565196821257	1.54455706596286
GF10_C1_d78	0	0	1	Inf
GF10_C1_d80_colon	0	0	1	Inf
GF10_C10_COLON_D55	1	0	0	1
GF10_C10_d55	0	0	1	Inf
GF10_C2_COLON_D35	7	1.36351927176933	0.669444590775895	3.02521142324443
GF10_C2_COLON_D55	1	0	0	1
GF10_C2_d101	3	0.160996038479768	0.06132930190314	1.06533633363381
GF10_C2_d103	4	0.862070012878404	0.501637196302754	2.00657029894931
GF10_C2_d104_colon	3	1.01576704900348	0.61592936167706	2.60368770798658
GF10_C2_D32	7	0.799670832992149	0.34194580197512	1.51963167015947
GF10_C2_D33	3	0.218863355195952	0.0890409722006602	1.09774421185085
GF10_C2_D34	5	0.429908874783054	0.1906175114763	1.23550980430029
GF10_C2_d55	5	0.857895488340916	0.503217090411373	2.01295169519433
GF10_C2_d77	4	0.790266592876347	0.512884044184286	2.05289929032487
GF10_C2_d78	0	0	1	Inf
GF10_C2_d80_colon	1	0	0	1
GF10_C3_COLON_D35	6	1.0467492597568	0.515857720145431	2.06550851187876
GF10_C3_COLON_D55	0	0	1	Inf
GF10_C3_d101	3	0.0973736218806817	0.03343717269024	1.03459389472209
GF10_C3_d102_colon	0	0	1	Inf
GF10_C3_D33	2	0.00976648736682547	0.00254515282871992	1.00255164716071
GF10_C3_d55	1	0	0	1
GF10_C3_d78	1	0	0	1
GF10_C3_d79	0	0	1	Inf
GF10_C3_d80_colon	0	0	1	Inf
GF10_C4_COLON_D55	1	0	0	1
GF10_C4_d102_colon	1	0	0	1
GF10_C4_d55	6	0.888304147325295	0.523767449035965	2.09981446664178
GF10_C4_d77	4	0.956819195446987	0.53608805342446	2.15558147916151
GF10_C4_d80_colon	3	0.974794508801578	0.596819091500432	2.48027617111506
GF10_C5_COLON_D55	2	0.0564174388833847	0.0199775595832801	1.02038479810195
GF10_C5_d101	3	0.149682457392492	0.05599273747582	1.05931388422384
GF10_C5_d55	4	0.805670247358868	0.47902717956044	1.91948593240674
GF10_C5_d77	2	0.0827649304292255	0.0318319640454199	1.03287855296114
GF10_C5_d80_colon	0	0	1	Inf
GF10_C6_COLON_D55	3	0.0889637100101119	0.02994278047962	1.03086702503428
GF10_C6_d101	2	0.00979247162760953	0.00255293292077985	1.00255946706852
GF10_C6_d102_colon	0	0	1	Inf
GF10_C6_d55	4	0.871870725538512	0.51120461874202	2.04584584540543
GF10_C7_COLON_D55	1	0	0	1
GF10_C7_d55	0	0	1	Inf
GF10_C8_COLON_D55	1	0	0	1
GF10_C8_d101	3	0.117372639575095	0.0420631502341695	1.04391014944717
GF10_C8_d103	4	1.37921137173451	0.74634212554876	3.94231798308405
GF10_C8_d55	9	1.2766536998394	0.6045694147779	2.52888885526731
GF10_C9_COLON_D55	2	0.258774456864172	0.13362703518318	1.15423730957652
GF10_C9_d55	0	0	1	Inf
GF10_Cdam_d0	5	0.972970810156552	0.564252043348043	2.29490462257916
GF10_Cdam_d1	4	1.13643658604551	0.63263064686384	2.72205613087536
GF10_Cdam_d20	5	0.986980850520719	0.482607313395733	1.93276794568389
GF10_INOC	5	1.1144776397189	0.54916450636322	2.2181039738758
GF11_A_DAM_D0	7	1.47747095876708	0.722075877238877	3.59810436771444
GF11_A1_COLON_D38	7	1.4760306873598	0.741377544983002	3.86664027272602
GF11_A1_D35	5	0.638158866740801	0.31303562245024	1.45567955585523
GF11_A1_D37	6	0.743575855776237	0.423661854898725	1.7350925120951
GF11_A2_COLON_D38	5	1.26583141744433	0.656923834653667	2.91480464400815
GF11_A2_D35	5	0.66140646605365	0.408776713600653	1.69140834436711
GF11_A2_D36	2	0.552465160326357	0.36605050298592	1.57741271932548
GF11_A3_D36	1	0	0	1
GF11_A4_COLON_D38	6	1.31227963458689	0.66717437687788	3.00457636229853
GF11_A4_D37	4	0.232775158667715	0.0972914392899711	1.10777724231777
GF11_A5_D35	3	0.571049176702589	0.31581199921422	1.4615865797873
GF11_B_dam_d0	0	0	1	Inf
GF11_B_dam_d111	7	1.14074784983124	0.59658212882494	2.47881928752249
GF11_B_dam_d20	7	1.14966001067068	0.564416600476374	2.29577160445886
GF11_B_dam_d7	7	0.967426894075115	0.4562081120339	1.83893879649477
GF11_B1_COLON_D38	5	1.20649972932056	0.62979430554198	2.70120102140513
GF11_B1_d105_colon	4	1.08200710156395	0.61253240121534	2.58086096266275
GF11_B1_D36	6	1.32557034383357	0.680745787751156	3.13230009701656
GF11_B1_d71	3	0.0895274462388308	0.0346319943421798	1.03587439622943
GF11_B2_COLON_D38	5	0.558615339125733	0.27246507013244	1.3745044518784
GF11_B2_d105_colon	5	1.10194654796148	0.60754016242984	2.54803142709152
GF11_B2_D36	5	1.30892213099332	0.668063364568301	3.01262317339408
GF11_B2_d71	4	0.423706902682203	0.21008735400646	1.26596276825296
GF11_B2_d73	1	0	0	1
GF11_B2_d74_colon	0	0	1	Inf
GF11_B3_COLON_D38	2	0.26976550549454	0.141043049598	1.16420269902
GF11_B3_d105_colon	4	0.919599928971031	0.545673764134327	2.20106153036617
GF11_B3_D35	3	0.207957803640373	0.0897074565782703	1.09854794178701
GF11_B3_D37	2	0.0327463832339615	0.0104260743194999	1.01053592263188
GF11_B3_d71	2	0.0925695188639778	0.03652271444448	1.0379071878414
GF11_B3_d72_colon	0	0	1	Inf
GF11_B4_COLON_D38	1	0	0	1
GF11_B4_d105_colon	4	0.755796254198567	0.4142439983525	1.70719548273922
GF11_B4_D35	3	0.526254923210498	0.285258509322415	1.39910724792538
GF11_B4_D37	2	0.128902064210004	0.0550621802215798	1.05827069154084
GF11_B4_d72	2	0.013752650782197	0.00377664142877987	1.00379095851978
GF11_B4_d73	1	0	0	1
GF11_B4_d74_colon	1	0	0	1
GF11_B5_COLON_D38	1	0	0	1
GF11_B5_d105_colon	5	0.968941582715134	0.510794301052215	2.04412990721667
GF11_B5_D35	2	0.0647463682711285	0.0235989724951799	1.0241693441838
GF11_B5_D37	1	0	0	1
GF11_B5_d71	4	0.576666428231696	0.3584307155661	1.55867811047464
GF11_B5_d74_colon	1	0	0	1
GF11_B6_d105_colon	5	0.906757899514841	0.53823021543296	2.16558127755719
GF11_B6_d71	3	0.0513481090030309	0.0156326002518798	1.0158808593782
GF11_B6_d72_colon	0	0	1	Inf
GF11_B7_d105_colon	5	1.02897038353736	0.517099861150327	2.07082152095073
GF11_B7_d71	3	0.31309585468525	0.14444918009158	1.16883763854851
GF11_B7_d73	1	0	0	1
GF11_B7_d74_colon	5	1.33562705673517	0.72059523719038	3.57903705700743
GF11_B8_d105_colon	5	0.903523099554339	0.5213676496742	2.08928627435925
GF11_C1_COLON_D38	1	0	0	1
GF11_C1_D36	5	0.817408437725131	0.405552648081206	1.68223476271219
GF11_C1_d71	3	0.300240003526759	0.14045318783474	1.16340376794712
GF11_C1_d74_colon	4	1.25745926678416	0.691918600316133	3.2458954062989
GF11_C2_COLON_D38	0	0	1	Inf
GF11_C2_D37	2	0.213779142030463	0.1044491326395	1.11663115569007
GF11_C2_d71	3	0.163087462979291	0.0641106397070199	1.06850237050131
GF11_C2_d72	3	0.160377346957077	0.0673010362003401	1.07215729706203
GF11_C2_d74_colon	4	0.588525081077713	0.28702025403602	1.40256438652118
GF11_C3_COLON_D38	1	0	0	1
GF11_C3_D35	3	0.101893511528915	0.0360900995137399	1.03744136199403
GF11_C3_D36	5	0.800858769989419	0.38167416167592	1.61727027728684
GF11_C3_d71	1	0	0	1
GF11_C3_d74_colon	3	1.05250402270353	0.63655517923794	2.75144930639878
GF11_C4_COLON_D38	1	0	0	1
GF11_C4_D35	3	0.512443158109019	0.27268603128158	1.37492203231305
GF11_C4_D36	5	0.488722834650352	0.228664747039268	1.2964531261362
GF11_C4_d74_colon	2	0.693124572956757	0.49997739256718	1.9999095743573
GF11_C5_D37	2	0.26728068987741	0.13935681495918	1.1619217085331
GF11_C5_d71	2	0.506312133328433	0.3251283425595	1.48176321968028
GF11_C5_d72	3	0.571036312004269	0.35373344579656	1.54734914486261
GF11_C5_d74_colon	6	1.24004995430772	0.66901724359524	3.02130543253165
GF11_C6_d71	4	0.380788210386539	0.16015506182964	1.19069598987945
GF11_C6_d72	4	0.236156169321211	0.0911454978236601	1.10028612677321
GF11_C6_d74_colon	3	0.730744154343012	0.41935860493554	1.72223339310657
GF11_C7_d71	3	0.176148003911283	0.0683740128307967	1.07339212706867
GF11_C7_d72_colon	2	0.114820753643941	0.04767091566048	1.0500571876302
GF11_INOC	6	1.51952852079227	0.755746998806852	4.09411550775268
GF12_A_dam_d1	0	0	1	Inf
GF12_A_dam_d21	3	0.770843726331497	0.43891171912072	1.78225073322313
GF12_A_Dam_d85	3	0.599307945880522	0.372693736731409	1.5941176719478
GF12_A1_d31	2	0.0653610925601606	0.0238710747155002	1.02445483798008
GF12_A1_d32_colon	0	0	1	Inf
GF12_A1_d76_colon	3	0.545669458172731	0.35718114425208	1.55564820642434
GF12_A2_d32	2	0.675204959141271	0.48216534584288	1.93111834438292
GF12_A2_d34_colon	4	0.323214637135221	0.14108150530454	1.16425482298476
GF12_A2_d76_colon	3	0.548828621586484	0.342904903005936	1.5218497361715
GF12_A3_d31	4	0.386492698286886	0.173047825113643	1.2092597738647
GF12_A3_d32_colon	0	0	1	Inf
GF12_A3_d76_colon	3	0.728355596943375	0.500025432582389	2.00010173550435
GF12_A4_d31	1	0	0	1
GF12_A4_d32	2	0.231217811444149	0.11552740410848	1.13061727932004
GF12_A4_d34_colon	1	0	0	1
GF12_A4_d76_colon	2	0.668421689724173	0.47547897436032	1.90650126709496
GF12_A5_d34_colon	2	0.375299169886103	0.21761696115768	1.27814631753736
GF12_A5_d76_colon	2	0.381615373651839	0.22249435395768	1.28616429358452
GF12_A6_d76_colon	3	0.495350976669313	0.29469819594474	1.41783275507069
GF12_A7_d76_colon	3	0.518413152480845	0.31652154222744	1.46310390419469
GF12_A8_d76_colon	2	0.505990550760182	0.32484862112478	1.48114931153065
GF12_B_Dam_d0	0	0	1	Inf
GF12_B1_d79	3	0.438099023893637	0.237299973571112	1.3111314610571
GF12_B1_d82_colon	0	0	1	Inf
GF12_B2_d32	2	0.00430944525216425	0.00100189759712022	1.00100290240263
GF12_B2_d34_colon	0	0	1	Inf
GF12_B2_d79	4	0.235423266289567	0.108650272406504	1.1218940995246
GF12_B2_d81	2	0.17344071623643	0.0799988442655202	1.08695515627005
GF12_B2_d82_colon	3	0.954287363037964	0.57035388045562	2.32749687361416
GF12_B3_d31	2	0.0549618236732747	0.01935752611902	1.01973963665107
GF12_B3_d32	0	0	1	Inf
GF12_B3_d34_colon	0	0	1	Inf
GF12_B3_d80	3	0.299179745381855	0.13355955377414	1.15414741354229
GF12_B3_d82_colon	0	0	1	Inf
GF12_B4_d31	2	0.106968630445443	0.0436602583126202	1.04565350200294
GF12_B4_d34_colon	0	0	1	Inf
GF12_B4_d79	3	0.766878125487211	0.49444425830112	1.97802124972328
GF12_B5_d79	3	0.515624782637616	0.27539235991258	1.38005721258936
GF12_B5_d82_colon	0	0	1	Inf
GF12_B6_d82_colon	0	0	1	Inf
GF12_C1_d31_colon	0	0	1	Inf
GF12_C1_d79	2	0.0451455129923414	0.0152826015192802	1.01551978419683
GF12_C1_d82_colon	3	0.878229986049933	0.54611720771098	2.20321196791093
GF12_C1_d92_colon	0	0	1	Inf
GF12_C2_d31	2	0.402613554203211	0.23893806018702	1.31395350061223
GF12_C2_d32_colon	0	0	1	Inf
GF12_C2_d79	2	0.0677982238839407	0.0249561720223199	1.02559492333189
GF12_C2_d92_colon	0	0	1	Inf
GF12_C3_d31	2	0.059154084085202	0.0211537964851201	1.02161095012593
GF12_C3_d34_colon	0	0	1	Inf
GF12_C3_d79	2	0.551439987911886	0.36512490856248	1.57511298440728
GF12_C3_d80_colon	1	0	0	1
GF12_C3_d92_colon	0	0	1	Inf
GF12_C4_d31	2	0.576919357491482	0.38835023345118	1.6349225564859
GF12_C4_d80_colon	0	0	1	Inf
GF12_C4_d80	0	0	1	Inf
GF12_C4_d92_colon	0	0	1	Inf
GF12_C5_d31_colon	0	0	1	Inf
GF12_C5_d79	3	0.0586402786481086	0.0198602232472043	1.0202626438782
GF12_C5_d80_colon	0	0	1	Inf
GF12_Inoc	2	0.673058065451982	0.4800457737795	1.92324621970843
GF13_A1_d32	1	0	0	1
GF13_A1_d34	1	0	0	1
GF13_A1_d35_colon	0	0	1	Inf
GF13_A1_d65_colon	3	1.09555229164365	0.66463854328344	2.98185727659568
GF13_A10_d65_colon	3	1.0890398921766	0.660275408935072	2.943560832218
GF13_A2_d32	1	0	0	1
GF13_A2_d35_colon	0	0	1	Inf
GF13_A2_d65_colon	3	1.09254823833516	0.66273387727298	2.96501763033399
GF13_A3_d32	1	0	0	1
GF13_A3_d35_colon	0	0	1	Inf
GF13_A3_d65_colon	3	1.04813983836671	0.63270831703634	2.72263175667645
GF13_A4_d32	1	0	0	1
GF13_A4_d35_colon	0	0	1	Inf
GF13_A4_d65_colon	3	1.0643808294072	0.64293448371146	2.80060648363454
GF13_A5_d32	1	0	0	1
GF13_A5_d35_colon	0	0	1	Inf
GF13_A5_d65_colon	3	1.04301454314346	0.62759679086006	2.6852615000539
GF13_A6_d32	1	0	0	1
GF13_A6_d34	1	0	0	1
GF13_A6_d35_colon	0	0	1	Inf
GF13_A6_d65_colon	3	1.0881160565123	0.65956207702664	2.93739308260981
GF13_A7_d65_colon	3	1.06695037383804	0.64481036821746	2.81539749620911
GF13_A8_d65_colon	3	1.08650049511648	0.65892012454978	2.93186456304411
GF13_A9_d65_colon	3	1.06207514100162	0.64308673152924	2.80180113304452
GF13_B1_d32	1	0	0	1
GF13_B1_d65_colon	1	0	0	1
GF13_B2_d32	1	0	0	1
GF13_B2_d35_colon	3	0.976018617555776	0.59796726340576	2.4873596326293
GF13_B2_d65_colon	0	0	1	Inf
GF13_B3_d32	1	0	0	1
GF13_B3_d34	2	0.206531014162482	0.0999329070975801	1.11102828654176
GF13_B3_d35_colon	3	0.903438946360286	0.52596903532946	2.10956683113521
GF13_B3_d65_colon	1	0	0	1
GF13_B4_d32	1	0	0	1
GF13_B4_d35_colon	3	1.04263642422477	0.63296415798246	2.72452955684969
GF13_B4_d65_colon	0	0	1	Inf
GF13_B5_d32	1	0	0	1
GF13_B5_d35_colon	3	0.728037653584124	0.46764813296222	1.87845682887223
GF13_B5_d65_colon	1	0	0	1
GF13_B6_d65_colon	0	0	1	Inf
GF13_B7_d65_colon	0	0	1	Inf
GF13_B8_d65_colon	2	0.161411966093257	0.0730415882967801	1.07879704998045
GF13_B9_d65_colon	1	0	0	1
GF13_inoc_200118	3	0.780297791200718	0.47327217798202	1.89851372606223
GF14_A_d66_stool	6	1.23059253984097	0.602039506324733	2.51281224114671
GF14_A_Dam_d0	0	0	1	Inf
GF14_A_Dam_d21	4	0.932721054701004	0.50857266144504	2.03488882596661
GF14_A1_d32	4	0.314414453403348	0.12975695570573	1.14910427214153
GF14_A1_d35_colon	1	0	0	1
GF14_A1_d94_stool	4	0.220204320218862	0.0903400188637752	1.09931185359054
GF14_A1_d95_stool	5	0.390006532952476	0.17093472138598	1.20617763859528
GF14_a1_d97_colon	1	0	0	1
GF14_A2_d32	3	0.251487640226933	0.10603177409902	1.11860798966558
GF14_A2_d33	3	0.271425986201031	0.11615594704586	1.1314213142665
GF14_A2_d35_colon	1	0	0	1
GF14_A2_d94_stool	2	0.00685512985850732	0.00169735703927998	1.00170024295863
GF14_A2_d96_16_stool	1	0	0	1
GF14_a2_d97_colon	2	0.00806791286585587	0.00204450571421999	1.00204869428138
GF14_A3_d32	4	0.377649842649626	0.170278462531386	1.20522362605036
GF14_A3_d35_colon	1	0	0	1
GF14_a3_d97_colon	1	0	0	1
GF14_A4_d32	3	0.0682733721236579	0.02193095612062	1.02242270753569
GF14_A4_d33	1	0	0	1
GF14_A4_d34	1	0	0	1
GF14_A4_d35_colon	1	0	0	1
GF14_A4_d94_stool	3	0.0471024338603994	0.0144904161145433	1.01470347559423
GF14_A4_d95_stool	3	0.14563039371341	0.0548749847438624	1.05806108594956
GF14_a4_d97_colon	1	0	0	1
GF14_A5_d32	3	0.152830054924576	0.0583844167492762	1.06200451414336
GF14_A5_d35_colon	1	0	0	1
GF14_A5_d94_stool	3	0.0345502153778352	0.0104455114854202	1.01055577192227
GF14_A5_d96_16_stool	3	0.285516809966263	0.12408560312088	1.14166407535142
GF14_A5_d96_stool	3	0.221557628281188	0.09359500647038	1.10325958830601
GF14_a5_d97_colon	1	0	0	1
GF14_A6_d34_colon	3	0.123567915888426	0.0476250150728201	1.05000657915901
GF14_A6_d94_stool	3	0.0359759095531205	0.0103443426592685	1.01045246655495
GF14_A6_d95_stool	4	0.345315088102341	0.15738013042546	1.18677476773118
GF14_A6_d96_16_stool	3	0.48496712096871	0.240182678247813	1.31610582092803
GF14_a6_d97_colon	1	0	0	1
GF14_A7_d32	3	0.137527769086814	0.0513754351758864	1.05415781657036
GF14_A7_d34	1	0	0	1
GF14_A7_d35_colon	1	0	0	1
GF14_A7_d94_stool	3	0.0933281505623297	0.03367827649218	1.03485203289224
GF14_A7_d95_stool	4	0.185298555568493	0.0772441449767399	1.08371027347726
GF14_a7_d97_colon	1	0	0	1
GF14_A8_d94_stool	3	0.115397337115767	0.0410053063119199	1.04275863733325
GF14_A8_d96_16_stool	3	0.446337150803912	0.21612797074078	1.27571843703242
GF14_A8_d96_stool	4	0.306382105312828	0.13270699399018	1.1530128723172
GF14_a8_d97_colon	1	0	0	1
GF14_Adam_d18_stool	5	1.24022629093028	0.66581692142392	2.99237173905064
GF14_Adam_d5_stool	5	1.04326629046683	0.54322894191102	2.18928056471826
GF14_Adam_d51_stool	4	1.12033398025829	0.61581722949946	2.60292776455626
GF14_Adam_d59_stool	5	1.05023152219902	0.550113399543394	2.22278236112181
GF14_Adam_d78_stool	4	1.14907392074682	0.63926008708106	2.77208028329459
GF14_Adam_d9_stool	5	1.12518138665364	0.630751814177611	2.70820558745008
GF14_B_d0_stool	0	0	1	Inf
GF14_B_d66_stool	4	1.12359134577741	0.628307715838097	2.69039752131205
GF14_B_d78_stool	4	1.06693614456241	0.608026285666891	2.55119147900355
GF14_b1_d95_colon	1	0	0	1
GF14_b2_d95_colon	4	1.2426895704908	0.691799105670374	3.24463691831629
GF14_b3_d95_colon	3	0.925834935567004	0.57384656098282	2.34657263896839
GF14_Bdam_d18_stool	5	1.22304663627954	0.648349382714817	2.84373167810769
GF14_Bdam_d5_stool	4	1.27382441718374	0.70607781429798	3.40226103589814
GF14_Bdam_d51_stool	4	1.21721433857574	0.66915310477378	3.02254612157155
GF14_Bdam_d59_stool	4	1.04829953919046	0.5772984503399	2.36573535347602
GF14_Bdam_d9_stool	5	1.15579847240158	0.61983028093951	2.63040413232093
GF14_C_d66_stool	6	1.44874240973418	0.72736534450334	3.66791227688312
GF14_c_d78_stool	5	1.26004938452985	0.6634336899753	2.97118270669043
GF14_c1_d130_colon	3	0.0388466360400278	0.0113023234980953	1.01143152630649
GF14_c2_d130_colon	2	0.01253584476651	0.0033930240792801	1.00340457588725
GF14_c3_d130_colon	2	0.00300260068976406	0.000666577688879899	1.00066702231107
GF14_Cdam_d18_stool	6	1.29299425966113	0.673052459487441	3.05859465537588
GF14_cdam_d5_stool	5	1.19116112353836	0.64009697112538	2.77852621337169
GF14_Cdam_d51_stool	6	1.25713521653848	0.66528920989144	2.98765390764863
GF14_Cdam_d59_stool	6	1.14955919044929	0.60129588310626	2.50812559396399
GF14_Cdam_d9_stool	6	1.3229991781795	0.69709161842104	3.30132825901791
GF14_d67_A1_stool	2	0.013376850638214	0.0036574868191801	1.00367091313559
GF14_d67_A2_stool	0	0	1	Inf
GF14_d67_A3_stool	1	0	0	1
GF14_d67_A4_stool	1	0	0	1
GF14_d67_A5_stool	1	0	0	1
GF14_d67_A6_stool	1	0	0	1
GF14_d67_A7_stool	1	0	0	1
GF14_d67_A8_stool	1	0	0	1
GF14_d67_A9_stool	1	0	0	1
GF14_d68_A1_colon	1	0	0	1
GF14_d68_A10_colon	3	0.0474936014047481	0.0146941729815143	1.01491331176431
GF14_d68_A2_colon	1	0	0	1
GF14_d68_A3_colon	1	0	0	1
GF14_d68_A4_colon	2	0.068828914613547	0.0254180790499201	1.02608100817748
GF14_d68_A5_colon	1	0	0	1
GF14_d68_A6_colon	1	0	0	1
GF14_d68_A7_colon	1	0	0	1
GF14_d68_A8_colon	1	0	0	1
GF14_d68_A9_colon	1	0	0	1
GF14_d89_B1_stool	3	0.189438352140703	0.07718365382634	1.08363923563597
GF14_d89_B2_stool	3	0.131212691021535	0.0477912613811399	1.05018990001127
GF14_d89_B3_stool	3	0.135202929009687	0.04950922395994	1.0520880635646
GF14_d90_B2_stool	3	0.205367191770627	0.0853474198620799	1.09331129842679
GF14_d90_B3_stool	4	0.238373583747162	0.0924019824580602	1.1018093700869
GF14_d91_B2_stool	3	0.0894965434483771	0.0303028876711399	1.03124984831435
GF14_INOC	6	1.09424567277309	0.526164887723952	2.11043878786555
GF15_A_Dam_d0	0	0	1	Inf
GF15_A_Dam_d21	7	1.04497132854317	0.54871316481596	2.21588560098853
GF15_a1_d106_stool	4	0.333896237443452	0.141802632818045	1.16523312496714
GF15_A1_d108_colon	1	0	0	1
GF15_A1_d32	0	0	1	Inf
GF15_A1_d35_colon	1	0	0	1
GF15_A1_d72_stool	4	0.55367064091495	0.261252367853884	1.35364224057805
GF15_a1_d74_colon	0	0	1	Inf
GF15_a2_d105_stool	4	0.64616523390417	0.32398696447558	1.47926141575694
GF15_a2_d106_stool	4	0.975744769174106	0.51000517440131	2.04083787778406
GF15_A2_d108_colon	2	0.0556911331370641	0.0196676908875	1.02006226940057
GF15_A2_d32	1	0	0	1
GF15_a3_d105_stool	3	0.50353488690296	0.26354681629918	1.35785956545779
GF15_A3_d108_colon	2	0.0865945735020717	0.0336472440088798	1.03481880069186
GF15_A3_d32	1	0	0	1
GF15_A3_d33	0	0	1	Inf
GF15_A3_d35_colon	1	0	0	1
GF15_a3_d74_colon	0	0	1	Inf
GF15_a4_d105_stool	3	0.0773832287148508	0.02545715713176	1.0261221528823
GF15_A4_d108_colon	2	0.0732609269355428	0.0274242741395001	1.02819757208647
GF15_A4_d32	5	0.353354821066125	0.14583054797	1.17072788967508
GF15_a5_d105_stool	4	0.612446864614423	0.30220859419962	1.43309302993347
GF15_A5_d108_colon	2	0.0711029125882546	0.0264434103166201	1.02716165716183
GF15_A5_d32	4	0.21996762862358	0.0847735077837	1.09262571451403
GF15_A5_d35_colon	1	0	0	1
GF15_a5_d71_colon	0	0	1	Inf
GF15_a6_d105_stool	4	0.239653688051124	0.107785881134183	1.12080719062281
GF15_A6_d108_colon	1	0	0	1
GF15_A6_d32_colon	1	0	0	1
GF15_a6_d74_colon	0	0	1	Inf
GF15_A7_d108_colon	2	0.207949793273233	0.100812791838	1.11211546485861
GF15_a7_d74_colon	1	0	0	1
GF15_a8_d105_stool	4	0.523564624606989	0.254072732235411	1.34061327855304
GF15_A8_d108_colon	2	0.0669979865265395	0.0245987708595001	1.02521913047124
GF15_a8_d74_colon	0	0	1	Inf
GF15_a9_d105_stool	4	0.145776758337951	0.0518496999945001	1.05468510635307
GF15_a9_d106_stool	4	0.632363583609709	0.305971043979808	1.44086207257742
GF15_A9_d108_colon	2	0.0690080699600434	0.0254985487215802	1.02616573704239
GF15_adam_d11_stool	6	0.890050762896064	0.4126532225429	1.70257169764252
GF15_adam_d18_stool	7	1.03115916184688	0.4937941897238	1.97548107844588
GF15_Adam_d5_stool	6	0.915252601792691	0.433962846137425	1.76666848311301
GF15_b_d5_stool	1	0	0	1
GF15_B1_d32	4	0.450398727499211	0.19617477484818	1.24405152850376
GF15_B1_d35_colon	1	0	0	1
GF15_B1_d94_stool	3	0.0638732312207446	0.0215719910784418	1.02204760174662
GF15_b1_d97_colon	1	0	0	1
GF15_b10_d94_stool	1	0	0	1
GF15_B10_d97_colon	1	0	0	1
GF15_B2_d32	4	0.366118996248382	0.152862259734526	1.18044557864536
GF15_B2_d33	4	0.427466671751285	0.1845457874547	1.22631042260322
GF15_B2_d35_colon	1	0	0	1
GF15_b2_d94_stool	3	0.187925090247853	0.0822600122375801	1.08963324398465
GF15_b2_d95_stool	4	0.588020260444177	0.3234893837094	1.47817340322483
GF15_b2_d97_colon	1	0	0	1
GF15_B3_d34	1	0	0	1
GF15_B3_d35_colon	1	0	0	1
GF15_b3_d94_stool	2	0.0073940427305791	0.00185048467757976	1.00185391531947
GF15_b3_d97_colon	1	0	0	1
GF15_b4_d106_stool	4	0.654471825221137	0.32360459935984	1.47842519191226
GF15_B4_d32	4	0.334062526004686	0.138720028033113	1.16106264228613
GF15_B4_d33	4	0.357030555744821	0.14890376561746	1.17495526310898
GF15_B4_d34	1	0	0	1
GF15_B4_d35_colon	2	0.00782983644045377	0.00197564454911969	1.00197955544705
GF15_b4_d96_stool	3	0.0249866386798019	0.00675558795904008	1.00680153633601
GF15_b4_d97_colon	2	0.692619053576773	0.49947196599608	1.99789009219046
GF15_b5_d107_stool	4	0.395942913176011	0.17623824276234	1.21394321988596
GF15_B5_d32	3	0.103441687758229	0.03664091370814	1.03803453377824
GF15_B5_d35_colon	1	0	0	1
GF15_b5_d94_stool	3	0.0161662010568676	0.00412974618695994	1.00414687171461
GF15_b5_d95_stool	4	0.447018013291381	0.202014999233238	1.25315638644727
GF15_b5_d97_colon	1	0	0	1
GF15_B6_d32	2	0.00891493409778659	0.00229216694647993	1.00229743304657
GF15_B6_d34_colon	1	0	0	1
GF15_b6_d94_stool	3	0.0198484632017631	0.00518445968662007	1.00521147838622
GF15_b6_d95_stool	3	0.0551755307236513	0.0178809892980201	1.01820654024937
GF15_b6_d97_colon	1	0	0	1
GF15_B7_d32	1	0	0	1
GF15_B7_d33	0	0	1	Inf
GF15_B7_d35_colon	1	0	0	1
GF15_b7_d97_colon	1	0	0	1
GF15_b8_d94_stool	3	0.13156893096435	0.04893467809486	1.05145248908544
GF15_b8_d97_colon	1	0	0	1
GF15_b9_d106_stool	3	0.0787158819528468	0.0283291328906599	1.02915507076479
GF15_b9_d94_stool	3	0.20366771046062	0.0831729322600199	1.09071823377231
GF15_B9_d97_colon	1	0	0	1
GF15_bdam_d18_stool	7	1.18697199797401	0.59629081123724	2.47703056515677
GF15_c_d18_stool	7	1.15064290043073	0.54983492844662	2.22140735297235
GF15_c1_d105_stool	2	0.0912794477600741	0.035897463822	1.03723407259596
GF15_c1_d108_colon	3	0.0588983562004828	0.01897093663806	1.01933779267767
GF15_C1_d36	3	0.715214739443425	0.49649284911778	1.98606911192393
GF15_C1_d37	3	0.464965489421779	0.24604767332774	1.32634380798814
GF15_C1_d39_colon	1	0	0	1
GF15_c1_d74_colon	1	0	0	1
GF15_c2_d105_stool	3	0.189522723097718	0.0872410715778201	1.09557953240581
GF15_c2_d108_colon	3	0.0684883575071233	0.0233516765423201	1.02391001549017
GF15_C2_d36	2	0.307374525187005	0.16723860635118	1.20082415878864
GF15_C2_d37	4	0.390132783273809	0.18984330814932	1.23432912430267
GF15_C2_d39_colon	1	0	0	1
GF15_c2_d73_16_stool	1	0	0	1
GF15_c2_d74_colon	1	0	0	1
GF15_c3_d108_colon	2	0.0475789973922548	0.01627496251392	1.01654421905893
GF15_C3_d36	3	0.303579401274291	0.15000864284856	1.17648255077708
GF15_C3_d39_colon	1	0	0	1
GF15_c4_d105_stool	4	0.495903326561536	0.24583494490774	1.32596968428571
GF15_c4_d108_colon	4	0.0552554817581118	0.0183918678296601	1.01873646644409
GF15_C4_d36	3	0.151578698384963	0.05947673525064	1.06323792029375
GF15_C4_d37	4	0.196982136854558	0.0748347592609711	1.08088799272354
GF15_C4_d38	1	0	0	1
GF15_C4_d39_colon	1	0	0	1
GF15_c4_d73_stool	3	0.0242569485021953	0.00669241168349988	1.00673750181939
GF15_c4_d74_colon	1	0	0	1
GF15_c5_d105_stool	4	0.309549627634435	0.142218332271465	1.16579782201229
GF15_c5_d108_colon	2	0.0988261642533444	0.0395887179875001	1.04122058823023
GF15_C5_d36	3	0.611621604391356	0.41459872368184	1.70822996200047
GF15_C5_d37	3	0.558527712218124	0.34236319903822	1.52059616879335
GF15_C5_d39_colon	1	0	0	1
GF15_c5_d71_stool	4	0.735740157879554	0.419992351891325	1.72411519617174
GF15_c5_d74_colon	1	0	0	1
GF15_c6_d105_stool	4	0.22451583923071	0.10470896806778	1.11695522945404
GF15_c6_d108_colon	2	0.119875901109154	0.0502954644823801	1.05295906526862
GF15_C6_d36	3	0.305147804296043	0.15502655397282	1.1834691429674
GF15_C6_d39_colon	1	0	0	1
GF15_c6_d71_stool	3	0.139796019144994	0.0550442495686295	1.05825061072278
GF15_C6_d72_stool	3	0.107882752289232	0.0379020240589547	1.03939518116321
GF15_c6_d74_colon	1	0	0	1
GF15_c7_d105_stool	2	0.0406476905214668	0.0134810841208799	1.01366530727783
GF15_c7_d108_colon	2	0.0976972145209579	0.0390314085823198	1.04061673704105
GF15_c7_d72_stool	3	0.141827107724785	0.0542077266135199	1.05731462197235
GF15_c7_d74_colon	1	0	0	1
GF15_c8_d108_colon	2	0.038436646265545	0.0126116540295798	1.0127727393999
GF15_c8_d74_colon	1	0	0	1
GF15_c9_d108_colon	3	0.459124223881461	0.27498614305066	1.37928398252652
GF15_cdam_d11_stool	7	0.975334616109739	0.462023731938689	1.85881805456525
GF15_cdam_d23_stool	7	0.913244610280575	0.4342358358586	1.76752092723581
GF15_cdam_d5_stool	7	0.983870387156722	0.468970699860575	1.88313526153349
GF15_cdam_d59_stool	5	1.02601166636088	0.588601143610565	2.43073111280939
GF15_d67_B1_stool	3	0.203217342930551	0.09109959831624	1.10023056227885
GF15_d67_B2_stool	3	0.044983451200397	0.0145063186548602	1.014719849482
GF15_d67_B3_stool	4	0.222931763551431	0.0859081724618399	1.09398199379291
GF15_d67_B4_stool	2	0.0522295135341746	0.01820441276088	1.01854195822174
GF15_d67_B5_stool	4	0.123419945049394	0.0462576300214999	1.04850117964513
GF15_d67_B6_stool	2	0.00738216904479573	0.00184709096927982	1.00185050902779
GF15_d67_B7_stool	2	0.00708499784232126	0.00176244415200011	1.00176555584558
GF15_d67_B8_stool	4	0.0405761655231206	0.0115513131199001	1.01168630529154
GF15_d68_B1_colon	3	0.236392936204393	0.0979402671078199	1.10857403732434
GF15_d68_B2_stool	3	0.0333947250566466	0.0100187181262601	1.01012010864215
GF15_d68_B5_colon	1	0	0	1
GF15_d68_B8_stool	4	0.116758846691666	0.03851897410014	1.04006212609769
GF15_d69_B2_stool	1	0	0	1
GF15_d69_B9_stool	1	0	0	1
GF15_d70_B2_colon	1	0	0	1
GF15_d70_B4_colon	1	0	0	1
GF15_d70_B6_colon	1	0	0	1
GF15_d70_B7_colon	1	0	0	1
GF15_d70_B8_colon	1	0	0	1
GF15_d70_B9_colon	1	0	0	1
GF15_d71_A1_stool	3	0.0501812298374155	0.01597860547714	1.01623806714577
GF15_d71_A3_stool	3	0.406953077788464	0.21937597270664	1.28102641609339
GF15_d71_A4_stool	1	0	0	1
GF15_d71_A5_stool	1	0	0	1
GF15_d71_A6_stool	3	0.120642857135217	0.043404652294029	1.04537409929718
GF15_d71_A7_stool	4	0.086231418748234	0.0283538948926	1.0291812983591
GF15_d71_A8_stool	3	0.225441661741454	0.09235001623782	1.10174628754471
GF15_d71_C2_stool	3	0.327474008808724	0.16458954094393	1.19701637579436
GF15_d71_C3_stool	4	0.498022868950343	0.2890468982849	1.40656253919929
GF15_d71_C4_stool	2	0.0160396439349608	0.00451416490231993	1.00453463499245
GF15_INOC	8	1.49616287316895	0.736993702958592	3.80219033250964
GF16_A1_d32	2	0.692750849384831	0.49960372118712	1.99841614004876
GF16_A1_d35_colon	1	0	0	1
GF16_A2_d32	1	0	0	1
GF16_A2_d35_colon	2	0.685786101867236	0.49265700093918	1.97105311761702
GF16_A3_d32	2	0.344247789152894	0.19411020785022	1.24086445782173
GF16_A3_d34	3	0.887979353585729	0.51592611096938	2.06580033061181
GF16_A3_d35_colon	1	0	0	1
GF16_a4_d100_stool	3	0.80670356451784	0.50349918539318	2.01409538631251
GF16_A4_d32	2	0.678166310502156	0.4850940895395	1.94210239130031
GF16_A4_d35_colon	0	0	1	Inf
GF16_A5_d32	1	0	0	1
GF16_A5_d35_colon	0	0	1	Inf
GF16_A6_d32	2	0.507783959342295	0.32640954226782	1.4845816007649
GF16_A6_d33	2	0.383095497531405	0.22364194088928	1.28806545931326
GF16_A6_d35_colon	1	0	0	1
GF16_A7_d32	2	0.583122131090327	0.39407355424248	1.65036533229675
GF16_A7_d34	2	0.152758792313218	0.0681362591718202	1.07311826416946
GF16_A7_d35_colon	0	0	1	Inf
GF16_Adam_d21	4	0.728091918185622	0.3979517251311	1.66099637145835
GF16_ADam_do	0	0	1	Inf
GF16_B1_d32	1	0	0	1
GF16_B1_d34	0	0	1	Inf
GF16_B1_d35_colon	0	0	1	Inf
GF16_B2_d32	1	0	0	1
GF16_B2_d34	5	0.909277088489215	0.48831215924888	1.95431651948593
GF16_B3_d35_colon	0	0	1	Inf
GF16_B4_d35_colon	0	0	1	Inf
GF16_B5_d32	2	0.686840636257661	0.49370672438798	1.97513980171112
GF16_B5_d33_colon	2	0.604555519389202	0.4140571513595	1.70665108776426
GF16_B5_d33	0	0	1	Inf
GF16_B6_d32	2	0.458472885201657	0.28435587449742	1.39734256785483
GF16_B6_d35_colon	0	0	1	Inf
GF16_c1_d105_stool	2	0.0295171742932558	0.00922108915199993	1.00930690898952
GF16_C1_d34	1	0	0	1
GF16_C1_d35_colon	3	0.0824634280005532	0.0290533983507401	1.02992275610357
GF16_c1_d67_stool	2	0.679530451072457	0.48644518875	1.94721182256279
GF16_c1_d69_stool	4	0.245876515813758	0.0953992419336875	1.10546005083791
GF16_c10_d105_stool	1	0	0	1
GF16_c10_d106_stool	1	0	0	1
GF16_c2_d105_stool	1	0	0	1
GF16_C2_d32	2	0.222922905261248	0.110220839262	1.12387437706518
GF16_C2_d35_colon	2	0.660704879506142	0.46791008088062	1.8793815933499
GF16_c2_d67_stool	3	0.700804315675628	0.50016449735142	2.00065820595195
GF16_c2_d68_stool	2	0.643494398135906	0.45117462496128	1.82207318662963
GF16_c2_d69_stool	3	0.60339800095669	0.36686901517896	1.57945199962478
GF16_c3_d105_stool	3	0.268702028039108	0.12683995825726	1.14526541778538
GF16_C3_d32	2	0.603323761459891	0.41290005638462	1.70328750815742
GF16_C3_d33	2	0.693147035514958	0.49999985495502	1.99999941982025
GF16_C3_d35_colon	2	0.692063673057952	0.49891688388408	1.99567690037407
GF16_c3_d67_stool	2	0.616322821215368	0.42516409931232	1.73962690709417
GF16_c4_d105_stool	1	0	0	1
GF16_C4_d33	4	0.549550474790837	0.267142914213194	1.36452252341449
GF16_C4_d34	2	0.171325157648897	0.0787637566154999	1.08549789175264
GF16_C4_d35_colon	2	0.693137376050282	0.49999019552238	1.99996078285853
GF16_c4_d67_stool	2	0.687043542345801	0.493908790062	1.97592841045887
GF16_c4_d69_stool	2	0.692602799547431	0.49945571777822	1.99782523848094
GF16_c5_d105_stool	1	0	0	1
GF16_C5_d32	2	0.449189020372404	0.27664170726702	1.38244077664724
GF16_C5_d35_colon	2	0.691160356259357	0.498014491872	1.99208938068589
GF16_c5_d67_stool	2	0.651846936413033	0.45927153633822	1.84935705664181
GF16_c5_d68_stool	2	0.635939163808162	0.443891519928	1.79821030578518
GF16_c6_d105_stool	2	0.130625282452959	0.0559837154584801	1.05930376030078
GF16_c7_d105_stool	1	0	0	1
GF16_inoc_200622	6	0.770241782671524	0.390758196201877	1.64138441217563
GF17_a1_d31_stool	3	0.0727996841827324	0.0236422985459201	1.02421479188489
GF17_a2_d31_stool	3	0.190674539576732	0.0775370957247798	1.08405443228712
GF17_a3_d31_stool	3	0.0862034358799531	0.0297343345135199	1.03064555984119
GF17_a4_d31_stool	2	0.010429073308672	0.00274462314872026	1.00275217683698
GF17_a5_d31_stool	3	0.0247450235123658	0.00698132347939506	1.00703040501097
GF17_a6_d31_stool	3	0.0907038126409033	0.03450697889266	1.03574026755065
GF17_a7_d31_stool	1	0	0	1
GF17_b2_d31_stool	2	0.0224820380405849	0.00669384498552006	1.00673895450232
GF17_b3_d31_stool	1	0	0	1
GF17_b6_d31_stool	2	0.0066595405253858	0.00164224928952006	1.00164495070865
GF17_inoc_200903	3	0.693472806300795	0.45547007533417	1.83644636355603
GF18_a1_d32_stool	4	0.117807149071695	0.0411045369403799	1.04286654648383
GF18_a1_d33_stool	4	0.960795102218953	0.57322186672042	2.34313785553044
GF18_a1_d35_colon	2	0.177768201446271	0.08254033719168	1.08996617566709
GF18_a2_d33_stool	2	0.00827672969314218	0.0021051794326199	1.00210962056244
GF18_a2_d35_colon	2	0.325028259054718	0.17996015875998	1.21945294571036
GF18_a2_d54_colon	4	0.924050940748524	0.48308060573334	1.93453759153044
GF18_a3_d35_colon	2	0.622338048880099	0.43087866195	1.7570945475816
GF18_a3_d54_colon	4	0.810803824573493	0.41921675331446	1.72181275149874
GF18_a4_d32_stool	3	0.0958912728916677	0.0332898362182601	1.03443621207832
GF18_a4_d33_stool	4	1.07649992572139	0.63001308874066	2.70279831412484
GF18_a4_d35_colon	2	0.0206566415527864	0.00606211315181993	1.00609908650433
GF18_a4_d54_colon	3	0.0988213878712711	0.0347356418918398	1.03598562569939
GF18_a5_d54_colon	4	0.63769259835848	0.30723585551522	1.44349272109589
GF18_adam_d33_stoolsoln	5	0.586197542106878	0.30100242039322	1.43062011825928
GF18_b1_d35_colon	0	0	1	Inf
GF18_b3_d32_stool	2	0.0112178461230046	0.00298493174381997	1.00299386823615
GF18_b3_d33_stool	4	0.469042693291907	0.22119466385074	1.28401790997532
GF18_b3_d35_colon	1	0	0	1
GF18_b4_d32_stool	3	0.10232603085217	0.0356609616315918	1.03697969304647
GF18_b4_d35_colon	2	0.0223179557694201	0.00663663019127991	1.00668096931394
GF18_bdam_d33_stoolsoln	5	0.378589580137152	0.171622570786424	1.20717919722819
GF18_d0_innoculum	5	0.982984713516338	0.5237171269214	2.09959260877091
GF2_A_dam_d33	3	0.570637795391445	0.29734101869056	1.42316547087529
GF2_A_dam_day19	5	0.870527168572973	0.47315807295251	1.89810254017589
GF2_A_dam_day29	3	0.726419796745516	0.50595120439258	2.02409156522794
GF2_A_day1_dad	3	0.946311021548384	0.55750228788882	2.25989869016259
GF2_A_day1_mom	3	1.02534608323127	0.62302206784174	2.65267516927274
GF2_A0	0	0	1	Inf
GF2_A1_d37	7	1.19325213741074	0.63018711313046	2.70407018117996
GF2_A1_d39	4	0.64226938982253	0.40269940353746	1.67419889737665
GF2_A1_day28	2	0.0102634707962093	0.0026945598583803	1.00270184012833
GF2_A1_day29	4	0.186184076120337	0.0673083670996601	1.07216572415296
GF2_A1_day30	1	0	0	1
GF2_A1_day31	4	0.964806191191252	0.534841930177201	2.1498068395996
GF2_A1_day32	3	0.347731435672957	0.167733763064731	1.20153858900055
GF2_A1_day41	4	0.907661483460328	0.546527855050563	2.20520711390443
GF2_A1_day42	4	0.69739324613188	0.41665467710194	1.7142504803707
GF2_A1_day44	4	0.227284072283926	0.0862243673563526	1.09436054571394
GF2_A1_Liver	0	0	1	Inf
GF2_A1_Spleen	0	0	1	Inf
GF2_A2_Colon	4	0.808527802105268	0.449883329718342	1.81779621309785
GF2_A2_d36	4	0.482534466066029	0.24503759685752	1.32456927104922
GF2_A2_D37	4	0.857010845354789	0.45525745363954	1.83572956928224
GF2_A2_d39	4	0.488058307178313	0.26288535519256	1.35664106939733
GF2_A2_day28	1	0	0	1
GF2_A2_day29	4	0.03783782906086	0.0104838024403204	1.01059487703807
GF2_A2_day30	4	1.04862921342777	0.608544594042773	2.55456939610962
GF2_A2_day31	3	0.132729198141332	0.0518218319535799	1.05465410795141
GF2_A2_day32	4	1.00415857084537	0.586423491839573	2.41793230579745
GF2_A2_day34	7	1.51336844401591	0.70344135940786	3.37201437801069
GF2_A2_day41	4	0.686037018391373	0.43337607464298	1.76483899681772
GF2_A2_day42	4	0.782236914373276	0.45073230477518	1.82060588797361
GF2_A2_day44	4	1.15298255898448	0.64245750893842	2.79687037205256
GF2_A2_Liver	0	0	1	Inf
GF2_A2_Spleen	0	0	1	Inf
GF2_A25_N713	7	1.18729841513083	0.5521028600617	2.23265547115964
GF2_A3_Colon	5	1.12495916075114	0.65606233971694	2.90750364230832
GF2_A3_d37	4	0.702210730147591	0.3752587629505	1.60066270752793
GF2_A3_d39	4	0.965896309544136	0.57783500148394	2.36874208784497
GF2_A3_day28	1	0	0	1
GF2_A3_day30	4	1.15500859846507	0.648972039609781	2.84877591770284
GF2_A3_day32	4	0.9173727702503	0.51615824500014	2.06679144506718
GF2_A3_day41	6	1.16717597132512	0.636025503368954	2.74744524480703
GF2_A3_day42	4	0.291164473377273	0.1199101531479	1.13624762696308
GF2_A3_Liver	0	0	1	Inf
GF2_A3_Spleen	0	0	1	Inf
GF2_A4_Colon	3	0.498142790972496	0.2638165482875	1.35835707482125
GF2_A4_d36	4	0.905461804446951	0.54271009176594	2.18679656382917
GF2_A4_d37	4	0.601417208639727	0.33405716449019	1.50163039029387
GF2_A4_D39	4	0.605994267252371	0.37412365571958	1.59775969988084
GF2_A4_day28	2	0.0126759698735404	0.00343687356407996	1.00344872640068
GF2_A4_day29	4	0.1762554869325	0.0633082180016199	1.06758703259524
GF2_A4_day30	4	1.02102022951064	0.58981506085046	2.43792471287063
GF2_A4_day31	2	0.0896824269731136	0.0351267823155199	1.03640559367978
GF2_A4_day32	4	1.02036932207093	0.59241670955446	2.45348625285122
GF2_A4_day41	5	0.977845369540759	0.570563946621924	2.32863540947177
GF2_A4_day42	4	0.760930311223723	0.4049530761479	1.68053973546555
GF2_A4_day44	4	0.483772697598949	0.23640621372058	1.30959682748659
GF2_A4_Liver	0	0	1	Inf
GF2_A4_Spleen	0	0	1	Inf
GF2_A5_Colon	5	0.38481255972431	0.17745482921874	1.21573870411298
GF2_A5_d39	4	1.01064358350374	0.6059527949932	2.53776701698149
GF2_A5_day28	1	0	0	1
GF2_A5_day31	4	0.552015556107761	0.32673611558094	1.48530171176918
GF2_A5_day32	3	0.355880786196827	0.18708454200042	1.2301402195756
GF2_A5_day42	4	1.10557787622468	0.6450019804245	2.81691712307517
GF2_A5_Liver	0	0	1	Inf
GF2_A5_Spleen	0	0	1	Inf
GF2_A6_Colon	2	0.534158810234581	0.349635300728	1.53759882896377
GF2_A6_d33	7	1.48780099157209	0.70969403201412	3.44464155159441
GF2_A6_d36	4	0.903271584490334	0.55011960693226	2.22281303077244
GF2_A6_d37	4	0.543990552834801	0.255421674378003	1.34304204888671
GF2_A6_D39	4	0.535993951517564	0.305145257583365	1.43914970850181
GF2_A6_day28	3	0.0454344572093202	0.0150568220104799	1.01528699558203
GF2_A6_day29	4	0.182465706423591	0.0670707703863802	1.07189266694341
GF2_A6_day30	5	1.02658746898385	0.598524684036671	2.49081315896228
GF2_A6_day31	4	1.06281204545213	0.63228819502926	2.71952106644924
GF2_A6_day32	3	0.344269963461877	0.18822863534086	1.23187395310488
GF2_A6_day44	5	0.867309083404583	0.4577644423441	1.84421693834139
GF2_A6_Liver	0	0	1	Inf
GF2_A6_Spleen	0	0	1	Inf
GF2_B_dam_d33	6	0.997263104083877	0.571990677202279	2.33639770616072
GF2_B_dam_day19	7	1.14068407596828	0.633856958954622	2.73117303320826
GF2_B_dam_day37	7	1.06554172102441	0.6043631265993	2.52757027272128
GF2_B_day1_dad	3	0.905814083004199	0.52901832412653	2.1232248540146
GF2_B_day1_mom	3	1.04808250305694	0.63310389487862	2.72556722745577
GF2_B_Sire_day23	7	1.29891413676414	0.66361079213494	2.97274697469231
GF2_B0	0	0	1	Inf
GF2_B1_d34	4	0.950021426332584	0.56164203656158	2.28124063757423
GF2_B1_d35	3	0.463499591672568	0.23562521532814	1.30825874957308
GF2_B1_day29	4	1.15679823157828	0.66520724211124	2.98692243615456
GF2_B1_day32	4	0.935769812846277	0.5614626116523	2.28030728182094
GF2_B1_day37	4	0.783198032910044	0.5191807087449	2.07978344086333
GF2_B1_day41	5	1.11887540918796	0.62033395731724	2.63389370546256
GF2_B1_day44	7	1.14812389258463	0.605985803433875	2.537979617778
GF2_B1_Liver	0	0	1	Inf
GF2_B1_Spleen	0	0	1	Inf
GF2_B2_d35	4	0.881523458361133	0.5332719917665	2.14257550941684
GF2_B2_day27	4	0.243697293793694	0.0950290117899401	1.10500779917586
GF2_B2_day28	4	0.281709473440074	0.11235524292012	1.12657681130201
GF2_B2_day29	5	0.795619970963449	0.4734607756421	1.89919374234554
GF2_B2_day30	5	0.692675550445023	0.38262935737636	1.61977251744641
GF2_B2_day31	4	0.194001079810155	0.0748047300713199	1.08085291019385
GF2_B2_day37	4	0.816922541721973	0.53010255106296	2.12812391780826
GF2_B2_day41	5	1.24084046699154	0.643193798376434	2.80264186959118
GF2_B2_day44	6	1.28650646186819	0.689463905168495	3.2202375718758
GF2_B2_Liver	0	0	1	Inf
GF2_B2_Spleen	0	0	1	Inf
GF2_B3_COLON	0	0	1	Inf
GF2_B3_d35	4	0.352405268777978	0.17840738989226	1.2171482407429
GF2_B3_day27	4	0.251955372436465	0.0980894188740228	1.10875736567096
GF2_B3_day28	4	0.527369635166382	0.28346806241029	1.3956112038269
GF2_B3_day31	4	0.316520410768499	0.14422445070166	1.16853069805501
GF2_B3_day37	3	0.776046038570618	0.51820378399134	2.07556632196967
GF2_B3_day41	5	1.003973007104	0.57151582411272	2.33380847245819
GF2_B3_day44	5	0.734680338383065	0.4676265826235	1.87838078942396
GF2_B3_Liver	0	0	1	Inf
GF2_B3_Spleen	0	0	1	Inf
GF2_B4_d35	3	0.270568192265056	0.13581417866642	1.15715853617783
GF2_B4_day27	4	0.223090831460018	0.0853409632068065	1.09330358065013
GF2_B4_day28	4	0.988373433288256	0.58244252801308	2.3948799077683
GF2_B4_day29	5	0.870930490015743	0.49819734803812	1.9928152951969
GF2_B4_day32	7	1.17484752844465	0.57066727889277	2.32919586799964
GF2_B4_day37	3	0.709040151032238	0.48466012785574	1.94046696957318
GF2_B4_day41	2	0.00210055691602207	0.000446500274219774	1.00044669972577
GF2_B5_d34	4	0.88628036246177	0.54548830498988	2.20016340828751
GF2_B5_d35	3	0.783592719915099	0.50315044249062	2.0126816757427
GF2_B5_day27	4	1.0087939348499	0.592125843458385	2.45173660542519
GF2_B5_day28	5	0.71553511734482	0.362340062627309	1.56823400905541
GF2_B5_day29	6	1.28621124677241	0.653066150162303	2.88239386404014
GF2_B5_day30	5	0.479911203876593	0.24879737861862	1.3311987625404
GF2_B5_day31	5	0.25564728254221	0.11828241796786	1.13415000492022
GF2_B5_day37	5	0.876499951743082	0.53404725372232	2.14614037150467
GF2_B5_day41	5	1.24465789591801	0.656177242720202	2.90847530835841
GF2_B5_day44	7	1.10190527604817	0.5895150525112	2.43614292343152
GF2_B5_Spleen	0	0	1	Inf
GF2_colon_A1_day45	3	0.478901457938743	0.23810613383672	1.31251876988558
GF2_colon_B1_day44	3	0.606814303711985	0.3204725304415	1.47161085430397
GF2_colon_B2_day44	6	0.681033215328673	0.359778195172475	1.5619586719159
GF2_colon_B3_day44	6	1.22230599603652	0.66408265967796	2.97692283179342
GF2_colon_B5_day44	6	0.780408699127411	0.3964363369509	1.65682605037582
GF2_Inoc	8	1.61421428515712	0.757972225122427	4.13175719400734
GF20_d0_inoc	5	1.22862629427244	0.66147012968894	2.95394908307838
GF20_d123_b10	0	0	1	Inf
GF20_d127_a1	1	0	0	1
GF20_d127_a2	1	0	0	1
GF20_d127_a3	1	0	0	1
GF20_d127_a4	0	0	1	Inf
GF20_d127_a5	1	0	0	1
GF20_d127_a6	1	0	0	1
GF20_d127_a7	1	0	0	1
GF20_d127_a8	0	0	1	Inf
GF20_d127_a9	1	0	0	1
GF20_d127_b1	0	0	1	Inf
GF20_d127_b2	0	0	1	Inf
GF20_d127_b5	0	0	1	Inf
GF20_d127_b6	0	0	1	Inf
GF20_d127_b8	0	0	1	Inf
GF20_d140_c1	0	0	1	Inf
GF20_d140_c3	0	0	1	Inf
GF20_d140_c5	0	0	1	Inf
GF20_d140_c6	0	0	1	Inf
GF20_d140_c7	0	0	1	Inf
GF20_d140_c8	1	0	0	1
GF20_d140_c9	0	0	1	Inf
GF20_d161_b2	3	0.0128407911997004	0.00324154900647999	1.00325209081824
GF20_d161_b4	4	0.12708539228829	0.04351265708992	1.04549214102252
GF20_d161_b6	1	0	0	1
GF20_d161_b8	3	0.0300240614229873	0.00872009865213963	1.00879680768296
GF20_d164_b1	2	0.0842793264254443	0.0325471671064801	1.0336421229024
GF20_d164_b2	1	0	0	1
GF20_d164_b3	1	0	0	1
GF20_d164_b4	1	0	0	1
GF20_d164_b5	1	0	0	1
GF20_d164_b6	1	0	0	1
GF20_d164_b7	1	0	0	1
GF20_d164_b8	1	0	0	1
GF20_d164_b9	1	0	0	1
GF20_d167_damb	2	0.0630159610749715	0.0228365164542199	1.02337021065437
GF20_d170_c1	1	0	0	1
GF20_d170_c2	1	0	0	1
GF20_d170_c5	1	0	0	1
GF20_d170_c6	1	0	0	1
GF20_d170_c7	1	0	0	1
GF20_d170_c8	1	0	0	1
GF20_d170_c9	1	0	0	1
GF20_d33_a3	4	0.37797621882545	0.17576094600286	1.21324025493637
GF20_d33_a4	4	0.23061275035666	0.0877409488943894	1.09617986117874
GF20_d33_a5	4	0.212615499939959	0.07888995996246	1.08564661824688
GF20_d33_b2	3	0.40348333069407	0.235016500294458	1.30721773787921
GF20_d33_b3	2	0.0329880244662033	0.0105173037208801	1.01062909312152
GF20_d33_b4	4	0.306727234592281	0.1529743132344	1.18060174044844
GF20_d34_a2	1	0	0	1
GF20_d34_a4	4	0.210058407530232	0.0775400233179745	1.08405787272948
GF20_d34_b3	4	0.118877633553317	0.0407846682433001	1.0425187826894
GF20_d35_a2	2	0.0192372291412122	0.00557835358200021	1.00560964617182
GF20_d35_a3	1	0	0	1
GF20_d35_b5	0	0	1	Inf
GF20_d36_a1	1	0	0	1
GF20_d36_a2	1	0	0	1
GF20_d36_a3	1	0	0	1
GF20_d36_a4	1	0	0	1
GF20_d36_a5	1	0	0	1
GF20_d36_b1	0	0	1	Inf
GF20_d36_b3	0	0	1	Inf
GF20_d36_b4	0	0	1	Inf
GF20_d36_b5	1	0	0	1
GF20_d39_dama	5	0.993790157094429	0.55261182263929	2.23519540882669
GF20_d39_damc	5	0.919126941176944	0.54581069304694	2.20172510601036
GF20_d40_c1	0	0	1	Inf
GF20_d40_c2	0	0	1	Inf
GF20_d40_c3	1	0	0	1
GF20_d40_c4	0	0	1	Inf
GF20_d40_c5	3	0.701297020473261	0.41176487554746	1.7000004903323
GF20_d40_c6	1	0	0	1
GF20_d66_c1	3	0.535836807264334	0.329354857208888	1.49110153223234
GF20_d66_c10	3	0.810283293459291	0.5232642876565	2.09759825854933
GF20_d66_c2	3	0.516933334138192	0.267553883403054	1.36528814521695
GF20_d66_c3	3	0.642678806957479	0.418297718688	1.71909245008383
GF20_d66_c4	3	0.942120863690575	0.55769133475306	2.26086459201902
GF20_d66_c5	3	0.499202253273776	0.26982191177508	1.36952890825719
GF20_d66_c6	4	0.663448020807769	0.3512976688015	1.54153908797039
GF20_d66_c7	3	0.891517354645774	0.559740452328685	2.27138742428039
GF20_d66_c8	3	0.601654068002387	0.35512279093634	1.55068280588171
GF20_d66_c9	3	0.964875476993037	0.58684417924906	2.42039431559364
GF20_d68_b2	1	0	0	1
GF20_d68_b3	3	0.126594130866111	0.0457342919506979	1.04792616098947
GF20_d68_b4	1	0	0	1
GF20_d68_b5	1	0	0	1
GF20_d68_b6	1	0	0	1
GF20_d68_b7	1	0	0	1
GF20_d68_b8	1	0	0	1
GF20_d75_dama	5	0.945479845268877	0.54500163573838	2.19781009899413
GF20_d75_damc	4	0.990818094513369	0.5481020383385	2.21288893696994
GF20_d81_a1	3	0.654193134913894	0.35266473431006	1.54479456473638
GF20_d81_a2	3	0.549494903283096	0.28283957076442	1.39438814417842
GF20_d81_a3	1	0	0	1
GF20_d81_a4	3	0.404348586630943	0.19294763342482	1.23907696875187
GF20_d81_a5	3	0.966124797435804	0.57300386058514	2.34194154862937
GF20_d81_a6	3	0.693077175370132	0.3822936350375	1.61889217389027
GF20_d81_a7	4	0.87183362791837	0.50973308630626	2.03970525456401
GF20_d89_b2	3	0.938817995586479	0.58006808191058	2.38133839539928
GF20_d89_b3	1	0	0	1
GF20_d89_b4	0	0	1	Inf
GF20_d89_b5	1	0	0	1
GF20_d89_b6	2	0.0724725844387818	0.02706507929472	1.02781797499374
GF20_d89_b7	0	0	1	Inf
GF23_d0__inoc	9	1.52650079242669	0.67050557694944	3.03495273377223
GF23_d0_dama	0	0	1	Inf
GF23_d0_damb	0	0	1	Inf
GF23_d0_damc	0	0	1	Inf
GF23_d10_dama	7	1.60588606877317	0.75869497162602	4.14413245649476
GF23_d10_damb	7	1.72501272147357	0.79801111287258	4.95076741211596
GF23_d10_damc	0	0	1	Inf
GF23_d17_dama	7	1.38983505032661	0.646535911546831	2.82914172236338
GF23_d17_damb	7	1.4120858223011	0.67488606655836	3.07584479512782
GF23_d17_damc	7	1.42022534938596	0.69930599733838	3.32563998998454
GF23_d19_dama	0	0	1	Inf
GF23_d32_dama	0	0	1	Inf
GF23_d32_damb	5	1.23295848061895	0.62256333166688	2.64945111034473
GF23_d32_damc	0	0	1	Inf
GF23_d35_c1	0	0	1	Inf
GF23_d36_c1	1	0	0	1
GF23_d36_c2	1	0	0	1
GF23_d36_c3	1	0	0	1
GF23_d36_c4	2	0.230972823452752	0.1153697221875	1.13041575116871
GF23_d39_damb	7	1.13642477503327	0.5276434783073	2.11704497360697
GF23_d47_dama	0	0	1	Inf
GF23_d47_damb	7	1.35087054640906	0.66044469645292	2.94502836372676
GF23_d47_damc	0	0	1	Inf
GF23_d52_a1	0	0	1	Inf
GF23_d52_a2	3	0.0325918034918298	0.00938888267201998	1.00947786927462
GF23_d52_a5	3	0.0553824798272116	0.0194432693732599	1.01982880619343
GF23_d52_a6	0	0	1	Inf
GF23_d52_a8	2	0.00567428105139069	0.00136866209791986	1.0013705379012
GF23_d52_a9	2	0.0374674797188665	0.01223403441198	1.0123855597765
GF23_d54_damc	6	1.21826070786941	0.579735304136313	2.37945278259669
GF23_d56_c2	1	0	0	1
GF23_d56_c3	1	0	0	1
GF23_d56_c6	2	0.0116508624611242	0.0031181234355	1.00312787654064
GF23_d57_c2	2	0.0876751438761654	0.03416340004158	1.03537182173781
GF23_d57_c4	1	0	0	1
GF23_d57_c5	0	0	1	Inf
GF23_d58_c3	3	0.956613553232717	0.56914106264098	2.3209452405225
GF23_d59_c1	2	0.257392834556662	0.1327026513875	1.15300709912211
GF23_d59_c2	1	0	0	1
GF23_d59_c4	2	0.177947928172086	0.0826463242108799	1.09009210557726
GF23_d59_c6	1	0	0	1
GF23_d62_dama	6	1.11606578601381	0.553203881287198	2.23815731184271
GF23_d62_damb	7	1.39305906191687	0.672840578173338	3.05661378913252
GF23_d62_damc	6	1.48485460346973	0.745323756836824	3.92655391637484
GF23_d7_damb	7	1.3216463502339	0.62157264075056	2.64251507074797
GF23_d7_damc	7	1.31136394212237	0.620397186226731	2.63433242251277
GF23_d77_damb	7	1.44232546167425	0.70047396641952	3.3386079602036
GF23_d80_c3	1	0	0	1
GF23_d80_c5	0	0	1	Inf
GF23_d80_c7	1	0	0	1
GF23_d82_c2	0	0	1	Inf
GF23_d82_c6	0	0	1	Inf
GF23_d83_c4	0	0	1	Inf
GF23_d83_c5	0	0	1	Inf
GF23_d84_c1	1	0	0	1
GF23_d84_c2	1	0	0	1
GF23_d84_c3	1	0	0	1
GF23_d84_c4	1	0	0	1
GF23_d84_c5	1	0	0	1
GF23_d84_c9	3	0.224938133915208	0.101546423082994	1.11302356147487
GF23_d89_damb	7	1.46827888741046	0.7017843401402	3.3532779615602
GF23_d89_damc	5	1.37401557605437	0.72445904603478	3.62922456937644
GF3_AB_Sire_day4	4	0.874576230157995	0.54344427695234	2.19031314145986
GF3_B_Sire_day19	4	0.975805917522992	0.58827245167398	2.42879060210022
GF3_B_Sire_day30	4	0.954621160137755	0.56259020950822	2.28618568156808
GF3_C_dam_day19	7	1.17254970256181	0.60953511091226	2.56104973314334
GF3_C_dam_day4	4	0.915764211047643	0.533088808838696	2.14173491432663
GF3_C_Sire_day19	7	1.21710467000481	0.60419327238626	2.52648560581285
GF3_C_Sire_day30	4	0.91612462322301	0.55848376942698	2.26492239866732
GF3_C_Sire_day4	7	1.33649008037263	0.67036707492088	3.03367753618658
GF3_C1_day30	4	1.03089924596694	0.5973739762117	2.48369439856624
GF3_C1_day32	7	1.21248903841803	0.626803138035421	2.67955093388463
GF3_C1_day34	4	0.947738441319505	0.5672939723208	2.31103783176642
GF3_C2_day30	2	0.0120219386935264	0.00323295703038018	1.00324344294204
GF3_C2_day32	4	0.70154760614251	0.37216844628446	1.59278391486052
GF3_C2_day35	7	1.17254970256181	0.60953511091226	2.56104973314334
GF3_C2_day38	3	0.325917363751567	0.14672607437602	1.17195658975366
GF3_C2_day39	4	0.739646133175228	0.41320508653544	1.70417291809125
GF3_C2_day40	4	0.433444888675095	0.19546561148906	1.24295494919842
GF3_C2_day41	2	0.482427817944062	0.30455985415118	1.43793826969746
GF3_C2_day42	4	1.00461253667885	0.584097184297391	2.40440786223253
GF3_C2_day45	4	0.988999357126822	0.594246191762292	2.46454864920001
GF3_C3_day30	4	1.13835542154052	0.63631169758846	2.74960726910712
GF3_C3_day32	2	0.0646575961481383	0.023559731832	1.02412818540985
GF3_C3_day34	10	1.61336256502802	0.763764455933127	4.23306325028262
GF3_C3_day35	7	1.31522619408157	0.63907556538088	2.77066306429292
GF3_C3_day39	1	0	0	1
GF3_C3_day40	4	0.203790817508466	0.0762905026999999	1.08259144560384
GF3_C3_day41	1	0	0	1
GF3_C3_day42	4	0.982907759824157	0.5664257660413	2.30641011775449
GF3_C3_day45	4	0.934825343770233	0.56889289804986	2.31960920030414
GF3_C4_day30	7	1.14595518376164	0.557322562064407	2.25898117749903
GF3_C4_day32	2	0.17518602130167	0.0810214199999999	1.08816464470804
GF3_C4_day34	7	1.35359185851553	0.6800814674751	3.12579578340673
GF3_C4_day38	3	0.0614340040069024	0.01967961524142	1.02007467716411
GF3_C4_day39	4	0.22381427309775	0.0848395579913107	1.09270457298733
GF3_C4_day40	1	0	0	1
GF3_C4_day41	2	0.401091927136774	0.23773473483648	1.31187927051285
GF3_C4_day42	4	1.02710344522677	0.598051057531843	2.4878781714402
GF3_C4_day45	4	0.943313377102849	0.557229642037186	2.25850710648518
GF3_C5_day30	3	0.0328024422699254	0.00945072034198013	1.00954088861207
GF3_C5_day39	5	0.538415666399589	0.252905596460338	1.33851892781166
GF3_C5_day41	2	0.0266898359851713	0.00818859606911992	1.00825620277874
GF3_C5_day42	4	1.0241867584414	0.59964276233298	2.49776925684483
GF3_C5_day45	4	0.888361959415099	0.53820691576702	2.16547201364213
GF3_C6_day30	5	0.20193042521243	0.07815657435666	1.08478291668904
GF3_C6_day35	1	0	0	1
GF3_C6_day38	1	0	0	1
GF3_C6_day39	5	0.480524837338785	0.208943651031748	1.26413244935619
GF3_C6_day41	4	0.697544195372255	0.372695312806339	1.59412167709705
GF3_C6_day42	4	0.880819515575622	0.53600054561286	2.15517494804131
GF3_C6_day45	4	0.972908704253961	0.57783970551358	2.3687684821628
GF3_C7_day40	3	0.50463261903048	0.303887549491647	1.43654951045585
GF3_C7_day41	4	0.916248993377271	0.55574420123406	2.25095542427992
GF3_C7_day42	4	0.81903758924172	0.43219881218974	1.76117983101889
GF3_C7_day45	4	1.01000719554807	0.59775022612528	2.48601755662254
GF3_C8_day30	5	0.865181309344754	0.48804080160438	1.95328065817316
GF3_C8_day32	3	0.283705096907824	0.14839381373194	1.1742516859609
GF3_C8_day34	7	1.33649008037263	0.67036707492088	3.03367753618658
GF3_C8_day39	4	0.289964916431579	0.11498233824244	1.12992095323171
GF3_C8_day40	1	0	0	1
GF3_C8_day41	4	0.866003572722904	0.514802543605866	2.06101657546136
GF3_C8_day42	4	0.927289806594786	0.56556605557042	2.3018459142575
GF3_C8_day45	4	0.928941707195336	0.560676781307698	2.27622842921123
GF3_C9_day30	7	0.986705282309457	0.49697673558028	1.98797962387204
GF3_C9_day32	4	0.945665715273643	0.54295437897304	2.18796538899781
GF3_C9_day34	7	1.2579846377993	0.654602873669848	2.89521806572339
GF3_C9_day38	3	0.244036036754887	0.10235587417418	1.11402723109229
GF3_C9_day39	4	0.611005263544379	0.288949232472991	1.40636934192187
GF3_C9_day40	2	0.679393284359412	0.48630927694622	1.94669663110756
GF3_C9_day41	4	0.900036088896774	0.49826277254178	1.9930751502454
GF3_C9_day42	4	0.967513667684438	0.58096481571266	2.38643445108486
GF3_C9_day45	4	0.947643911677342	0.53737926140248	2.16159786314725
GF3_inoc	4	1.06289216161714	0.6090251591963	2.55770933481134
GF4_A0	0	0	1	Inf
GF4_B0	0	0	1	Inf
GF4_B1_D35	2	0.473374702637315	0.29687387770368	1.42221995213907
GF4_B1_D36	4	0.425468089613266	0.23134443755622	1.30097282691965
GF4_B1_d37	1	0	0	1
GF4_B2_d35	3	0.505185254625963	0.29201670916454	1.41246271337837
GF4_B2_d36	1	0	0	1
GF4_B2_d37	0	0	1	Inf
GF4_B3_d35	3	0.530735308811883	0.29403871252424	1.41650826715386
GF4_B3_d36	4	0.76601642694169	0.42956303178824	1.75304206376186
GF4_B3_d37	1	0	0	1
GF4_B3_d38	0	0	1	Inf
GF4_B3_d42	4	0.932220883301502	0.55698494880082	2.25725965132141
GF4_B3_d43	4	0.93064863373011	0.5589763789917	2.26745224601287
GF4_B3_d44	4	0.770088164091662	0.41632280031224	1.71327576361549
GF4_B3_d46	4	0.748083313501527	0.377255663206724	1.60579541381194
GF4_B3_LI	4	0.419400478954182	0.182324776734114	1.22297945632483
GF4_B3_MLN	0	0	1	Inf
GF4_B3_SI	3	0.167679175951347	0.0653349707726198	1.06990201701098
GF4_B4_d35	3	0.389452166980383	0.20573647787018	1.25902798270088
GF4_B4_d37	0	0	1	Inf
GF4_B4_d38	1	0	0	1
GF4_B5_d35	3	0.588524733802158	0.34555632613962	1.5280153815244
GF4_Bdam_d10	7	1.0471232080441	0.56748642903968	2.31206618044303
GF4_Bsire_d10	6	1.1386940130949	0.60239217667484	2.51504105637833
GF4_Bsire_d2	6	0.910197897662247	0.47882357716088	1.9187360674385
GF4_C0	0	0	1	Inf
GF4_C1_d36	2	0.157366091962844	0.0707375385087798	1.07612223826976
GF4_C1_D37	3	0.988893327458997	0.59488811883304	2.46845389258743
GF4_C1_d39	4	1.00083681997626	0.60457554309646	2.52892804818074
GF4_C1_d41	0	0	1	Inf
GF4_C1_d43	3	0.686122961620627	0.4098591186105	1.69451063557142
GF4_C1_d46	3	0.496976209919805	0.29512413306018	1.4186895124406
GF4_C1_LI	5	1.04599641505363	0.56374678951336	2.2922467410257
GF4_C1_MLN	0	0	1	Inf
GF4_C1_SI	5	0.837216756608079	0.421859197226455	1.72968244967774
GF4_C2_d35	2	0.484214584770805	0.30608399478272	1.44109660604655
GF4_C2_D36	3	0.870964410153432	0.54779631977592	2.21139288274804
GF4_C2_d37	3	0.930504453620129	0.565944908825136	2.3038550182496
GF4_C2_d38	3	0.853457975043044	0.528547498230255	2.12110445112962
GF4_C2_d39	3	0.89283959560567	0.53842259487978	2.16648386361015
GF4_C2_d43	4	0.461067717796025	0.2302448628159	1.29911442183832
GF4_C2_d45	5	0.747639508423239	0.36756603495988	1.58119274940675
GF4_C2_d46	5	1.05172107446258	0.544016190700513	2.1930603227695
GF4_C2_LI	5	0.129053975193956	0.0414585294315002	1.04325168050049
GF4_C2_MLN	0	0	1	Inf
GF4_C2_SI	2	0.0145811340568419	0.00404140036991985	1.00405779956257
GF4_C3_d35	3	0.713317823907819	0.48037560172222	1.92446698675881
GF4_C3_d36	4	0.797483449952143	0.45111384157076	1.82187141111687
GF4_C3_d38	3	0.72988765901014	0.43265237836398	1.76258780660148
GF4_C3_d41	0	0	1	Inf
GF4_C3_d42	4	0.456934187763831	0.24022729213002	1.31618310271173
GF4_C3_d43	5	0.854820913676555	0.42400009320888	1.73611139205034
GF4_C3_d44	5	0.923882998454221	0.46063500448186	1.85403207162035
GF4_C3_d45	4	0.859665335808001	0.480517734199842	1.92499352881604
GF4_C3_d46	3	0.55893051394757	0.29348895106914	1.41540603153095
GF4_C3_LI	5	0.695475752579086	0.331593211445279	1.49609491872797
GF4_C3_MLN	0	0	1	Inf
GF4_C3_SI	5	0.105272642027535	0.0326245107750401	1.0337247647252
GF4_C4_d35	4	0.58249264503747	0.3238414402535	1.47894304610284
GF4_C4_d36	5	0.40458625711299	0.19440150734682	1.24131314683394
GF4_C4_d37	3	1.0801467412329	0.65468026674362	2.89586694212334
GF4_C4_d38	0	0	1	Inf
GF4_C4_D39	4	0.861776031959121	0.48147174174146	1.9285352033821
GF4_C5_d43	4	0.414125126182705	0.23442443982802	1.30620679659021
GF4_C5_d45	4	0.846200040240014	0.4608427829427	1.85474657180324
GF4_C5_d46	4	0.574389849662521	0.29684708361748	1.42216575754909
GF4_C5_LI	4	0.452914065987127	0.20967422140194	1.26530100254844
GF4_C5_MLN	0	0	1	Inf
GF4_C5_SI	1	0	0	1
GF4_Cdam_d16	7	1.33074501822765	0.6517104527148	2.87117430825778
GF4_Csire_d16	7	1.34639165220019	0.686607089958975	3.19088265228813
GF4_Csire_d2	7	1.18148277426376	0.623304847269083	2.65466649291961
GF4_EMPTY	0	0	1	Inf
GF4_INOC_GF45	7	1.23913339559637	0.584767010513372	2.40828649293099
GF4_W1	0	0	1	Inf
GF4_W2	0	0	1	Inf
GF4_W3	0	0	1	Inf
GF4_W4	0	0	1	Inf
GF4_W5	0	0	1	Inf
GF5_A_DAM_D0	1	0	0	1
GF5_A_DAM_D24	7	1.45566978100881	0.68599996465918	3.18471301735551
GF5_A1_COLON_190628	0	0	1	Inf
GF5_A1_COLON_190815	5	0.996266900451549	0.50312845633496	2.01259261623994
GF5_A1_D46	6	0.466399839492053	0.19364778081556	1.24015284662008
GF5_A1_D47	6	1.08842410784231	0.5817031535761	2.39064675851418
GF5_A1_D48	1	0	0	1
GF5_A1_D79	3	0.396119387307633	0.18902232191954	1.2330795619023
GF5_A1_D80	3	0.0390441168141802	0.0113371708742857	1.01146717621043
GF5_A1_D81	3	0.114709286135356	0.04294446946054	1.04487145007807
GF5_A1_D82	0	0	1	Inf
GF5_A1_D83	2	0.141705479484171	0.0619950549419999	1.06609246067265
GF5_A1_D88	4	0.964805679336692	0.57587502237885	2.35779558565223
GF5_A2_COLON_190628	1	0	0	1
GF5_A2_D46	5	0.292260022898324	0.10854863193024	1.12176618469416
GF5_A2_D48	5	0.868884822025224	0.46728246226414	1.877167408924
GF5_A2_D79	4	0.467330104697514	0.22420771483576	1.2890048265797
GF5_A2_D80	1	0	0	1
GF5_A3_COLON_190628	3	0.887095372882429	0.51624364574134	2.06715630956924
GF5_A3_D46	4	0.450374962875912	0.21650837968902	1.27633783703147
GF5_A3_D80	0	0	1	Inf
GF5_A4_COLON_190628	0	0	1	Inf
GF5_A4_D46	3	0.221012597161172	0.0921707418335199	1.10152871919955
GF5_A4_D48	1	0	0	1
GF5_A4_D79	0	0	1	Inf
GF5_A5_D46	4	0.154878012285585	0.0541626459439799	1.05726422805329
GF5_A5_D47	0	0	1	Inf
GF5_A5_D79	2	0.688728324941308	0.49558765698798	1.9825050156954
GF5_A5_D80	1	0	0	1
GF5_A6_COLON_190628	0	0	1	Inf
GF5_A6_D81	3	0.458329967193519	0.25002922994326	1.33338529970221
GF5_A6_D82	5	1.10179943416329	0.60542972453694	2.53440277229809
GF5_A7_COLON_190628	0	0	1	Inf
GF5_A7_COLON_190815	5	0.635775344851672	0.27752890950256	1.3841384287245
GF5_A7_D46	3	0.330333761773284	0.164223358894207	1.19649192238363
GF5_A7_D79	4	0.8435068550899	0.475096145616384	1.90511079628912
GF5_A7_D80	4	1.35821608190056	0.73619568102346	3.79068850684332
GF5_A7_D81	4	0.89652901805854	0.46033942857322	1.85301660515267
GF5_A7_D82	2	0.673004165191732	0.4799925993155	1.9230495540711
GF5_A7_D83	1	0	0	1
GF5_A7_D84	4	0.452515011196745	0.20561612133454	1.25883722826799
GF5_A7_D87	5	1.16176654334857	0.630380060070166	2.70548174481559
GF5_A8_COLON_190815	5	1.16267587227487	0.5806414700187	2.38459439478814
GF5_A8_D79	4	0.519415188406437	0.3000582494389	1.42869031487029
GF5_A8_D83	2	0.0627074136110721	0.0227011089804801	1.02322841987143
GF5_A8_D87	4	0.3435391280567	0.14403368777048	1.16827027619267
GF5_B_COLON_M1	1	0	0	1
GF5_B_COLON_M2	2	0.495108623767374	0.31542788937912	1.46076649119264
GF5_B_COLON_M3	0	0	1	Inf
GF5_B_COLON_M4	0	0	1	Inf
GF5_B_COLON_P1	1	0	0	1
GF5_B_DAM_D3	7	1.01240018721166	0.58001067300216	2.38101288703735
GF5_B1_COLON_190815	5	0.958366753829723	0.45843304534894	1.8464937555954
GF5_B1_D80	3	0.122271856541865	0.04459579673912	1.04667741316912
GF5_B1_D82	5	1.02503129070767	0.517055937138547	2.07063317866459
GF5_B1_D83	3	0.863076500943181	0.497537481272659	1.99019819932608
GF5_B1_D84	3	0.876160271999318	0.51866537490522	2.07755675129976
GF5_B2_D79	1	0	0	1
GF5_B2_D80	1	0	0	1
GF5_B3_COLON_190815	4	0.814106208420447	0.40421337210226	1.67845324680842
GF5_B3_D79	3	0.117933013188724	0.0468832319267399	1.04918938948217
GF5_B3_D81	3	0.422968543320349	0.205756475641263	1.25905968299507
GF5_B3_D82	3	1.0086384142132	0.60776128313374	2.54946785465078
GF5_B3_D83	3	0.843697659526671	0.48944955537576	1.95867031461698
GF5_B4_D79	5	1.09825256242633	0.64817796659728	2.84234614395322
GF5_B5_D79	3	0.606491194228874	0.3973492060665	1.65933573815278
GF5_B5_D80	2	0.660910479328364	0.46811121860958	1.88009229558458
GF5_B6_COLON_190815	5	1.39484329584015	0.70059987366314	3.34001195067928
GF5_B6_D79	3	0.483854141714765	0.25683985863438	1.3456049972788
GF5_B6_D84	4	0.280783737253316	0.12903601760254	1.14815310415862
GF5_B7_COLON_190815	5	1.40254144417643	0.715630202984052	3.51654785597332
GF5_B7_D79	4	0.246113076200164	0.10008107267826	1.11121120985433
GF5_B7_D80	4	0.774337702269739	0.434957438823208	1.76977818788967
GF5_B7_D82	3	0.445659692219922	0.236831402693278	1.31032645149325
GF5_B7_D84	0	0	1	Inf
GF5_C_DAM_D0	0	0	1	Inf
GF5_C_DAM_D24	7	1.21529249359547	0.646646872781508	2.83003013974081
GF5_C_DAM_D3	6	0.917577857334018	0.549185464403587	2.21820709191871
GF5_C1_COLON_190628	4	0.53320504760445	0.297786778074441	1.42406888502878
GF5_C1_COLON_190815	2	0.516374234442783	0.33391875335342	1.50131835273032
GF5_C1_D46	5	0.419338758266822	0.19467274481926	1.24173122611574
GF5_C1_D47	6	0.88845728263989	0.444216251803586	1.79926095940214
GF5_C1_D48	6	1.19116886056953	0.641713633613247	2.7910635006428
GF5_C2_COLON_190815	1	0	0	1
GF5_C2_D46	5	0.472480527228806	0.20053908702076	1.25084289145974
GF5_C3_COLON_190628	2	0.526486931872518	0.34282749102048	1.52167046907186
GF5_C3_COLON_190815	1	0	0	1
GF5_C3_D46	4	0.156904566721708	0.0589042105365216	1.0625910892345
GF5_C4_COLON_190628	3	0.88972613792163	0.554669665160542	2.24552410147514
GF5_C4_D46	3	0.47744449704787	0.27675216520734	1.3826519097519
GF5_C4_D47	2	0.230432755974522	0.1150223220795	1.12997200375695
GF5_C5_COLON_190628	3	0.948153262956112	0.565977365832468	2.30402730474651
GF5_C5_D47	3	0.184713785318407	0.07291717440346	1.07865227613999
GF5_C6_D46	3	0.130762472281003	0.0481456524349398	1.05058090301116
GF5_COLON_A1	1	0	0	1
GF5_COLON_A2	1	0	0	1
GF5_EMPTY	0	0	1	Inf
GF6_A1_COLON_D54	4	0.657035702313976	0.370668740893628	1.58898828801221
GF6_A1_COLON_D88	3	0.596416322686918	0.36120933742562	1.56545807349456
GF6_A1_D53	4	0.631647795722086	0.34583924363848	1.52867623176
GF6_A1_D87	2	0.679414619714524	0.48633041628032	1.946776744612
GF6_A1_D88	0	0	1	Inf
GF6_A2_COLON_D105	4	0.79017407271612	0.44626516672826	1.8059185370216
GF6_A2_COLON_D54	3	0.622761694361392	0.42070037542346	1.72622242027342
GF6_A2_D51	2	0.399244184758758	0.23627596598078	1.30937348499738
GF6_A2_D52	1	0	0	1
GF6_A2_D87	4	0.894202328982308	0.46516198200154	1.86972497531557
GF6_A2_D93	5	0.881797994223315	0.486394887938917	1.94702111898191
GF6_A3_COLON_D54	2	0.453856533653147	0.28051189360608	1.38987704051427
GF6_A3_COLON_D88	3	0.246441852616138	0.11480358802824	1.12969278509898
GF6_A3_D51	4	0.590416269305164	0.30811683452346	1.44533072908522
GF6_A3_D52	4	0.770466114780488	0.41383749451444	1.70601154226272
GF6_A3_D53	5	0.928402223814375	0.506771329724441	2.02745716189068
GF6_A3_D87	1	0	0	1
GF6_A4_COLON_D105	5	0.831153249096639	0.45335636406456	1.82934536188052
GF6_A4_COLON_D54	3	0.722158416324966	0.50084055478162	2.00336788090327
GF6_A4_D51	2	0.599803425313167	0.40959890828472	1.69376380571167
GF6_A4_D53	5	0.791018650893568	0.404501756476967	1.67926607824045
GF6_A4_D93	4	0.615755440252174	0.3359483664908	1.50590699508632
GF6_A5_COLON_D105	4	1.00045106254694	0.571578412490477	2.33414941999806
GF6_A5_D51	2	0.455494505557092	0.28187397008078	1.39251323352321
GF6_A5_D87	2	0.239974472521652	0.12120122367968	1.13791692358423
GF6_A5_D90	4	1.15056077462271	0.64260542275314	2.79802790434976
GF6_A5_D91	5	1.18305264214638	0.653434630148967	2.88545852238451
GF6_A6_COLON_D105	5	0.744550392919565	0.382055403786497	1.61826805530393
GF6_A6_COLON_D54	4	0.473977389401785	0.277228350430047	1.38356284532604
GF6_A6_D53	4	0.770404575992503	0.40973560005308	1.69415604276647
GF6_A6_D87	2	0.240756716777686	0.12171162873918	1.13857820816238
GF6_A6_D88	2	0.326872437172586	0.18130442796158	1.22145524435922
GF6_A6_D91	5	0.995359403290009	0.568052078155839	2.31509390236349
GF6_A7_D87	1	0	0	1
GF6_A8_COLON_D105	5	0.616840090660515	0.3286577884989	1.4895532902125
GF6_A8_COLON_D54	2	0.24966268839389	0.12756337297592	1.1462150590938
GF6_A8_D51	3	0.312032277923838	0.14417350267046	1.16846113449435
GF6_A8_D52	2	0.270110648820633	0.1412777127795	1.16452084088418
GF6_A8_D53	4	0.974897822769647	0.566901302488235	2.30894252452199
GF6_A8_D89	4	0.856645192510122	0.538604779240599	2.16733931130479
GF6_A8_D91	4	0.805988667468555	0.41599577929566	1.71231639181297
GF6_A8_D93	5	0.993509629833631	0.5253815654949	2.10695566648761
GF6_ADAM_D0	4	1.01577552979463	0.58321005240606	2.3992901118965
GF6_ADAM_D67	0	0	1	Inf
GF6_ASIRE_D57	7	1.39334507206961	0.65320870102538	2.88357869115161
GF6_B_DAM_D22	5	0.969429363027713	0.560003835902807	2.27274708644757
GF6_B1_COLON_D105	0	0	1	Inf
GF6_B1_D63	3	0.164470391577058	0.0629257935845601	1.06715134527634
GF6_B1_D64	5	0.239175573354987	0.09063417448402	1.09966745169096
GF6_B1_D66	1	0	0	1
GF6_B1_D87	1	0	0	1
GF6_B1_D89	4	1.09369461660776	0.591050535348347	2.44528991094733
GF6_B1_D91	4	1.147251606452	0.6250036256557	2.66669244935648
GF6_B1_D93	4	0.940387798283704	0.55258774262764	2.23507510919118
GF6_B10_D63	3	0.0832411456753224	0.0288324767601401	1.02968846884825
GF6_B10_D64	5	0.358015967349967	0.151494520159522	1.17854277168369
GF6_B10_D66	0	0	1	Inf
GF6_B2_COLON_D105	5	0.710362140105191	0.403222793433555	1.67566721549822
GF6_B2_D63	5	0.867344057660629	0.533159989234657	2.14206147061086
GF6_B2_D66	3	0.58531204867978	0.34603809821664	1.52914106658659
GF6_B2_D87	3	0.556933357616565	0.28900659711048	1.40648281114275
GF6_B2_D89	2	0.617590514958344	0.42636635699118	1.74327292722025
GF6_B3_COLON_D105	4	0.696542156545598	0.41431889767318	1.70741380595542
GF6_B3_D63	3	0.229265932294152	0.09757426175966	1.10812442245932
GF6_B3_D66	5	0.690680010078368	0.36013117756634	1.56282032338539
GF6_B3_D87	5	0.877056505134972	0.4615556011495	1.85720197319325
GF6_B3_D89	1	0	0	1
GF6_B3_D91	3	0.724076866092679	0.398258327344631	1.66184269004869
GF6_B3_D93	4	0.944448049013616	0.56429825536918	2.29514802803308
GF6_B4_COLON_D105	5	0.808275235596278	0.469637814602773	1.88550395849023
GF6_B4_D64	4	0.374243978857235	0.15676805319118	1.18591332288164
GF6_B4_D66	1	0	0	1
GF6_B4_D87	5	0.825143783514924	0.43267544936114	1.76265948454709
GF6_B4_D89	2	0.676372662588675	0.48331948875	1.93543200919406
GF6_B4_D90	0	0	1	Inf
GF6_B4_D93	4	0.95987832128446	0.550247803141795	2.22344661568218
GF6_B5_COLON_D105	4	0.74763376807137	0.43830383718496	1.78032193595257
GF6_B5_D66	1	0	0	1
GF6_B5_D87	0	0	1	Inf
GF6_B5_D90	3	0.906763856431781	0.55454692275872	2.24490535836696
GF6_B5_D91	2	0.628294827713683	0.436562204792	1.77481881496934
GF6_B6_COLON_D105	4	0.749322684350302	0.4388811089224	1.78215350775225
GF6_B6_D63	3	0.320441336240972	0.15557737320942	1.18424112319293
GF6_B6_D64	6	0.406611650853216	0.17716943294822	1.21531702885446
GF6_B6_D66	3	0.349427410163855	0.18161726502406	1.2219221609427
GF6_B6_D87	1	0	0	1
GF6_B6_D90	2	0.686111649593269	0.49298098414158	1.97231261298342
GF6_B6_D91	2	0.469318111057154	0.2934497162795	1.41532743392908
GF6_B6_D93	4	1.11153893496811	0.65326902030894	2.88408033482041
GF6_B7_COLON_D105	4	0.518410779144614	0.269706715384	1.36931287890154
GF6_B7_D63	3	0.522452983154674	0.30248456504974	1.43366003086557
GF6_B7_D66	3	0.611858008839978	0.37311154560018	1.59518012013381
GF6_B7_D87	2	0.0577910583042269	0.02056625008158	1.02099810230482
GF6_B7_D90	4	0.700425611151717	0.474130147337846	1.90161119702454
GF6_B7_D91	1	0	0	1
GF6_B7_D93	3	0.611782762878363	0.34877848552326	1.53557580296392
GF6_B8_COLON_D105	8	0.974652431513658	0.442348340863444	1.79323415185092
GF6_B8_D63	4	0.250519322808276	0.1035376094904	1.11549576489377
GF6_B8_D66	3	0.65804618790474	0.36045428843066	1.56360989044265
GF6_B8_D91	4	0.969604473077403	0.571166799331335	2.33190899967804
GF6_B9_D63	0	0	1	Inf
GF6_B9_D66	2	0.268869856447104	0.14043460147518	1.16337861169865
GF6_GF6MERO3_COLON	0	0	1	Inf
GF6_GFMERO1_COLON	0	0	1	Inf
GF6_GFMERO2_COLON	0	0	1	Inf
GF6_GFPBS1_COLON	1	0	0	1
GF6_GFPBS2_COLON	1	0	0	1
GF6_GFPBS3_COLON	1	0	0	1
GF6_INOC	7	1.44221337163763	0.688522661813681	3.21050643948235
GF6_WATER_D9	0	0	1	Inf
GF6_WATER_H11	4	0.771386154562527	0.3790662464315	1.61047775910556
GF6_WATER_H12	0	0	1	Inf
GF6_WATER	0	0	1	Inf
GF7_A1_COLON_D47	7	1.29751242577235	0.615913677864066	2.60358138878501
GF7_A3_COLON_D47	4	1.13970448698336	0.655879182087037	2.90595612920148
GF7_A4_COLON_D47	5	1.15420340961813	0.611576351303444	2.5745085381792
GF7_A5_COLON_D47	4	0.728096569766209	0.3970774445999	1.65858780873839
GF7_A6_COLON_D47	5	0.896569529116685	0.458991016564992	1.84839814239449
GF7_A7_COLON_D47	3	1.03123649704752	0.62652651330262	2.67756624129596
GF7_ADAM_D0	1	0	0	1
GF7_ADAM_D5	7	1.28782195571073	0.679774238311366	3.12279685034314
GF7_ADAM_D78	7	1.41588683361898	0.68435790368142	3.16814522417407
GF7_ASIRE_D22	0	0	1	Inf
GF7_ASIRE_D36	8	1.4862082526863	0.70130949705124	3.34794708947123
GF7_B1_COLON_D47	8	1.23845298252309	0.55785706957158	2.26171206453768
GF7_B1_D30	4	0.311096473684394	0.136106310373841	1.15754983744903
GF7_B1_D31	5	0.893629945013848	0.4358889349605	1.77270055840861
GF7_B1_D32	4	1.13706116590027	0.66054469697754	2.9458959429891
GF7_B1_D33	4	1.11711086079697	0.65979614792338	2.93941410097491
GF7_B1_D36	4	1.1170644669289	0.64301487809706	2.80123719069695
GF7_B2_COLON_D47	8	1.39743821030073	0.6177586111222	2.61614788219518
GF7_B2_D30	4	0.115490998593567	0.0402452548466599	1.04193285321057
GF7_B2_D34	4	1.14936594054527	0.67320504353392	3.06002274580329
GF7_B2_D36	4	1.10175421073727	0.64942828937032	2.85248344255687
GF7_B3_D30	3	0.117054229313117	0.04159182391176	1.04339677493312
GF7_B3_D31	4	0.657042726202379	0.3696397384265	1.58639441754118
GF7_B3_D33	4	1.21264585026104	0.679323711468695	3.1184095480835
GF7_B3_D36	4	1.22529598814601	0.69171320979334	3.24373288693184
GF7_B4_COLON_D47	7	1.41928360632891	0.717516577103497	3.54003073789708
GF7_B4_D35	4	0.939705887027376	0.559700900220634	2.27118338534215
GF7_B4_D36	4	1.04040973079795	0.60963357951422	2.56169574922858
GF7_B5_COLON_D47	8	1.59145250528843	0.70634001933222	3.40529886886872
GF7_B5_D30	5	0.561402235531464	0.26725170237688	1.36472510853152
GF7_B5_D36	4	1.20286361137463	0.68078697142036	3.13270421464176
GF7_B6_COLON_D47	1	0	0	1
GF7_B7_COLON_D47	0	0	1	Inf
GF7_B8_COLON_D47	1	0	0	1
GF7_BDAM_D1	5	0.950706354752621	0.5599595177132	2.27251818924297
GF7_BDAM_D78	6	1.1894877883819	0.587898024665939	2.42658385509891
GF7_BSIRE_D12	8	1.60326436866487	0.73357475047912	3.75339800487502
GF7_BSIRE_D20	8	1.33005883577123	0.61432625522076	2.59286511860537
GF7_BSIRE_D36	8	0.987625826635582	0.44537070118986	1.80300608378484
GF7_C1_COLON_D47	5	0.886805461669478	0.41915423964444	1.72162744097135
GF7_C1_D30	5	0.542844166519418	0.2610977217001	1.35335893441937
GF7_C1_D34	1	0	0	1
GF7_C1_D36	4	1.08581137184677	0.64239042900726	2.79634573880099
GF7_C2_COLON_D47	5	1.33860058047583	0.683869207910395	3.1632476969107
GF7_C2_D30	4	0.20280018495129	0.07747629639892	1.08398298720834
GF7_C2_D32	1	0	0	1
GF7_C2_D33	2	0.0374781564574161	0.0122381827020002	1.01238981147852
GF7_C2_D36	4	1.24769428812043	0.685298761532261	3.17761698323444
GF7_C3_COLON_D47	5	1.27246813441327	0.651328977207	2.86803300139365
GF7_C3_D30	2	0.0108014861571864	0.00285770505037997	1.0028658949328
GF7_C3_D31	2	0.0676421437429794	0.024886379192	1.02552151735034
GF7_C3_D33	1	0	0	1
GF7_C3_D34	4	0.4274723432447	0.20156263406238	1.25244639424619
GF7_C4_COLON_D47	5	1.1297426930886	0.56127122201634	2.27931252788082
GF7_C4_D31	3	0.123755837468535	0.046039743094751	1.04826169933338
GF7_C4_D32	3	0.441735238381226	0.215247504972259	1.27428712407553
GF7_CONTAMINANT	3	0.339502406352799	0.15843015730048	1.18825550686593
GF7_INOC	5	0.69152636034269	0.31475905112142	1.45934069123647
GF7_WATER_A12	0	0	1	Inf
GF7_WATER_B7	0	0	1	Inf
GF7_WATER_C8	0	0	1	Inf
GF7_WATER_D9	0	0	1	Inf
GF7_WATER_H2	0	0	1	Inf
GF7_WATER_H8	0	0	1	Inf
GF7_WATER	1	0	0	1
GF8_A1_COLON_D46	8	1.18710671724678	0.63084179629612	2.70886571114142
GF8_A1_D30	8	1.34778214204159	0.695568976349368	3.2848163370748
GF8_A1_D33	1	0	0	1
GF8_A1_D35	4	0.98806176161615	0.570933952058684	2.33064351000984
GF8_A2_COLON_D46	9	1.21479024836457	0.573677461568047	2.34564187874766
GF8_A2_D30	4	0.413536807120982	0.179994782180162	1.21950443517752
GF8_A2_D35	3	0.552679354691972	0.28822417744406	1.40493673472789
GF8_A3_D30	6	0.675388064403175	0.32050028708634	1.4716709676183
GF8_A4_D30	4	1.06547173651453	0.62574074975284	2.67194464623013
GF8_A4_D31	1	0	0	1
GF8_A4_D32	2	0.180772259569288	0.0843163978582202	1.09208027495633
GF8_A4_D33	2	0.0311897507985876	0.00984188603767988	1.00993971154596
GF8_A5_D30	3	0.174964058236433	0.07829291689086	1.08494338204146
GF8_A7_D32	5	1.08852401602061	0.6532252377558	2.88371620105328
GF8_ADAM_D0	9	1.37944553952048	0.657379701193054	2.91868287863313
GF8_B1_COLON_D46	8	1.16337797441411	0.572809609022092	2.3408766234438
GF8_B1_D31	2	0.0232473388439668	0.00696179650478013	1.00701060289551
GF8_B1_D32	6	1.17375599058001	0.660696528244388	2.9472141703291
GF8_B1_D34	6	1.12963163782797	0.65400742991588	2.89023547458511
GF8_B2_D32	6	1.13815147813347	0.65028147469892	2.85944245915792
GF8_B3_D46	5	1.11090457879876	0.58391932096802	2.40338004236707
GF8_B4_COLON_D46	8	1.0637462477574	0.499977261768675	1.99990905121073
GF8_B4_D30	4	0.417490028388311	0.177927549121768	1.21643779563673
GF8_B4_D33	4	1.12703196310938	0.65955554143474	2.93733669278776
GF8_B5_COLON_D46	8	1.09519239634204	0.568281251944364	2.31632284792767
GF8_B5_D34	7	1.18881106820014	0.648725472518908	2.84677630106221
GF8_B5_D35	4	1.094890841977	0.65793103118108	2.92338706855741
GF8_B6_COLON_D46	8	0.930085955294922	0.418736560157944	1.72039032813026
GF8_B6_D30	5	0.648268021428036	0.321042380835	1.47284598003308
GF8_B6_D33	4	1.28871767499509	0.70381934905036	3.37631778711308
GF8_B6_D34	6	1.1205553528607	0.641527488085751	2.7896141733713
GF8_B6_D35	4	1.10984495412224	0.66563499777148	2.99074362847507
GF8_B7_D33	4	1.24290585837211	0.672700158338862	3.05530242521573
GF8_C1_COLON_D46	5	0.953915581297436	0.482599093467916	1.93273723987569
GF8_C1_D31	1	0	0	1
GF8_C1_D32	5	1.34965204467676	0.7034759640835	3.37240789573496
GF8_C1_D33	3	0.930562338662701	0.57630182719374	2.36017066907971
GF8_C1_D34	8	1.31879172862161	0.66814910734622	3.01340156720115
GF8_C2_COLON_D46	5	1.09434538546515	0.5834021346912	2.40039636126978
GF8_C2_D30	5	1.15814983011531	0.65094175096354	2.86485136151459
GF8_C2_D31	1	0	0	1
GF8_C3_D30	7	0.741442818837353	0.349269841434448	1.53673529163666
GF8_C4_COLON_D46	5	1.11888433588444	0.600792699564234	2.50496421009441
GF8_C4_D30	7	0.729806286966867	0.345561220740792	1.52802680967645
GF8_C4_D35	4	1.15998236935919	0.64563444205624	2.82194467713678
GF8_C5_COLON_D46	5	1.21607291451755	0.64754669620594	2.83725528810564
GF8_C5_D30	3	0.0720597384843015	0.02399530685782	1.02458523716783
GF8_C5_D35	5	1.28617852416189	0.67532060559296	3.07996139338098
GF8_C6_COLON_D46	6	1.2626760636412	0.681432753034903	3.13905465651829
GF8_C6_D30	3	0.0683838641546125	0.0220628035670198	1.02256055260756
GF8_C6_D32	2	0.687934914671921	0.49479679633038	1.97940154127359
GF8_C6_D34	4	1.2819544768242	0.69831850751116	3.3147542189284
GF8_C7_COLON_D46	7	1.34245553548198	0.708276899815153	3.42790817513718
GF8_C7_D30	1	0	0	1
GF8_C7_D33	5	1.32530617303246	0.70668496973714	3.40930363883443
GF8_C7_D34	0	0	1	Inf
GF8_C7_D35	6	1.34092208908573	0.70720254373568	3.41533021754554
GF8_INOC	9	1.31843436106946	0.61452249439294	2.59418509628772
GF9_A_DAM_D0	6	1.21594281295941	0.662303107503295	2.96123542211676
GF9_A1_COLON_D33	2	0.468002023199353	0.2923414542995	1.41311089377168
GF9_A1_D16	5	1.16107826864979	0.63703238163716	2.75506670405058
GF9_A1_D19	5	1.23894831461795	0.66289058809156	2.9663959672286
GF9_A1_D20	4	1.20515854985213	0.673067286713196	3.05873337038237
GF9_A1_D21	4	1.08526180630108	0.63163112884914	2.71467020781586
GF9_A2_COLON_D33	4	0.872709090037077	0.47296837477994	1.89741934287616
GF9_A2_D21	6	1.23927824810988	0.683997293418372	3.16452985741021
GF9_A3_COLON_D33	7	1.17893492992934	0.58113799935486	2.38742115173919
GF9_A3_D18	6	1.27420973260182	0.6773374528398	3.09921312157592
GF9_A3_D19	4	1.14126952451906	0.63551050705202	2.74356331073368
GF9_A3_D21	5	1.10872347351617	0.638109212082771	2.76326459083208
GF9_A4_COLON_D33	7	1.37130704122461	0.69545678658796	3.28360625343183
GF9_A4_D16	5	0.779209930981852	0.39172309926658	1.64398812250517
GF9_A4_D17	7	1.28219668045142	0.68875326271698	3.21288508509148
GF9_A4_D18	6	1.2678736724793	0.67935006604758	3.11866585367326
GF9_A4_D19	4	1.05757669992106	0.58276937206334	2.39675597389703
GF9_A4_D20	4	1.2911298823037	0.70840873324482	3.42945799141371
GF9_A5_COLON_D33	6	1.25662069958813	0.64489973412452	2.8161060300379
GF9_A5_D18	6	1.24229671986144	0.672025090061435	3.04901371933395
GF9_A5_D19	4	1.31466114408327	0.71106110549282	3.46093938549056
GF9_A6_COLON_D33	7	1.20423491318532	0.585112865422487	2.4102940695385
GF9_A6_D16	9	1.25861683009189	0.657154427206745	2.91676509587897
GF9_A6_D21	4	1.12945658012655	0.661874815768617	2.9574845253635
GF9_A7_D16	3	0.100375373485672	0.0354395483767799	1.03674165607468
GF9_A7_D20	5	1.32768294988085	0.71986413766364	3.56969647391771
GF9_C1_COLON_D33	6	0.907609430508065	0.45007351393798	1.81842487195138
GF9_C1_D16	5	0.373451503944589	0.16528220968658	1.19800968854937
GF9_C1_D17	5	1.05631022122271	0.57226387163062	2.33788995989703
GF9_C1_D19	4	1.28980607372929	0.69633391623942	3.29309084378495
GF9_C1_D21	4	1.14514437725172	0.6356997653703	2.74498862460648
GF9_C2_COLON_D33	5	0.865841053934931	0.424133624419741	1.73651395949689
GF9_C2_D16	6	1.27477228504134	0.68337305747986	3.15829092761552
GF9_C2_D18	5	1.30891142319692	0.695261822004937	3.28150547653469
GF9_C2_D21	5	1.22369817180049	0.64010390716464	2.7785797620689
GF9_C3_D16	6	1.28907406972627	0.69185229043566	3.24519692654475
GF9_C3_D17	6	1.01654016660337	0.52661151977484	2.11242994236861
GF9_C3_D19	4	1.12828487008346	0.60034607246094	2.5021648258474
GF9_C3_D20	4	1.33952943462237	0.726895785564416	3.6616058894099
GF9_C3_D21	4	1.33153755814165	0.72263234033144	3.60532298969155
GF9_C4_COLON_D33	5	1.02449568946094	0.52370892871374	2.09955646932332
GF9_C4_D16	6	1.29552479053964	0.68023830798472	3.1273289608194
GF9_C4_D17	5	0.744360573535864	0.36892142820456	1.58458874170765
GF9_C4_D19	4	1.27256859358053	0.69083330784634	3.23450108106402
GF9_C5_COLON_D33	5	0.939117389393843	0.466224300590435	1.87344609562809
GF9_C5_D17	6	0.867204482870931	0.433894652536866	1.76645566850987
GF9_C5_D18	4	1.21219058278533	0.682655099439793	3.15114564070419
GF9_C5_D20	4	0.735652204489637	0.35697803994376	1.55515684085274
GF9_C5_D21	5	1.39044741984532	0.740843336518145	3.85866983532151
GF9_C6_COLON_D33	5	0.906302105824756	0.44691565159096	1.80804248552056
GF9_C6_D16	6	1.3066627607027	0.701257093483194	3.34735981402707
GF9_C6_D20	4	1.26260626941397	0.683883146628104	3.1633871757655
GF9_C6_D21	5	1.41447097912871	0.74728407628194	3.95701222656488
GF9_C7_COLON_D33	5	0.777406997488672	0.371081193983015	1.59003036708842
GF9_C7_D16	6	1.28952008019439	0.6971670619013	3.30215070486843
GF9_C7_D17	5	0.976279211490299	0.5102432542651	2.04182996703692
GF9_INOC	7	1.24312810423236	0.66440971515178	2.97982404482382
Gn3_6A_dam	0	0	1	Inf
Gn3_6Adam_Stool	0	0	1	Inf
Gn3_6B_dam_210806	0	0	1	Inf
Gn3_6B_dam_210818	0	0	1	Inf
Gn3_6C_dam	7	1.22352431841093	0.582638609029232	2.3960050489434
Gn3_6Cdam_Stool_210816	7	1.5413101693814	0.737339432189259	3.80719499822503
Gn3_6Cdam_Stool_211105-1	6	1.25020628706853	0.64757930990836	2.83751785327919
Gn3_6Cdam_Stool_211105-2	6	1.30651122548804	0.67695540404428	3.09554783617885
Gn3_6Cdam_Stool_211105-3	6	1.31462562873323	0.69186562126176	3.24533732358861
Gn3_6D_dam	7	1.41266744746859	0.644189640588902	2.81048590506218
Gn3_6Ddam_Stool	7	1.68735426953653	0.77515270005918	4.44746279036128
Gn3_6E_dam	7	1.53370111044908	0.73057664275306	3.71163068495004
Gn3_6Edam_Stool	7	1.34468398462316	0.674393346904482	3.071190316577
Gn3_6F_dam	7	1.40345832068506	0.682368909600831	3.14830641655165
Gn3_7A_dam_210806	8	1.35904283598338	0.63972951821426	2.77569229386581
Gn3_7A_dam	8	1.33705389883972	0.646734640890262	2.83073325536388
Gn3_7ADam_Stool_210806	8	1.52372206270412	0.72769041122972	3.67229080883963
Gn3_7Adam_Stool_210823	8	1.54442367509595	0.73772873653426	3.81284623708166
Gn3_7C_dam	7	1.11054973121773	0.59097581006966	2.44484317705099
Gn3_7D_dam_210806	5	0.934223697208337	0.5276322740115	2.1169947584953
Gn3_7D_dam_210818	4	0.975560885863757	0.527442078902991	2.11614271046091
Gn3_7E_dam	6	1.17116318935148	0.6432463114126	2.80305440977946
Gn3_7Edam_Stool	6	1.13959134659521	0.557144551297	2.25807315440901
Gn3_7F_dam	6	1.28996452818055	0.680540896510054	3.13029113609677
Gn3_7Fdam_Stool	6	1.11374693646987	0.613634895637313	2.58822546008525
Gn3_8Ddam_Stool_211105-1	0	0	1	Inf
Gn3_8Ddam_Stool_211105-2	5	0.933619269711771	0.540970284215551	2.17850820026122
Gn3_A_Innoc	8	1.6368157951503	0.754936081492389	4.08056806603679
Gn3_A1_Cwash	1	0	0	1
Gn3_A1_Stool	3	0.18212520388731	0.0742194936082599	1.08016964398779
Gn3_A2_Cwash	1	0	0	1
Gn3_A3_Cwash	1	0	0	1
Gn3_A3_Stool_DoL10	2	0.086693386594707	0.0336943722380001	1.03486927041503
Gn3_A3_Stool_DoL11	2	0.127031581282775	0.05406603048312	1.05715624158284
Gn3_A4_Cwash	1	0	0	1
Gn3_A5_Cwash	1	0	0	1
Gn3_A5_Stool_Dol10	2	0.101068653079227	0.0407009837004799	1.04242783846218
Gn3_A5_Stool_dol11	3	0.22425341356484	0.100598390812357	1.11185035670908
Gn3_A5_Stool_dol12	2	0.119449748219908	0.0500729489395202	1.05271241500452
Gn3_A6_Cwash	1	0	0	1
Gn3_AB_Innoc	9	1.74361308757917	0.77373873035714	4.41966935648527
Gn3_AB10_Cwash	1	0	0	1
Gn3_AB10_Stool	1	0	0	1
Gn3_AB11_Cwash	0	0	1	Inf
Gn3_AB12_Cwash	0	0	1	Inf
Gn3_AB12_Stool	1	0	0	1
Gn3_AB6_Cwash	1	0	0	1
Gn3_AB6_Stool	2	0.299942356117843	0.1619631579155	1.19326496137406
Gn3_AB7_Cwash	1	0	0	1
Gn3_AB7_Stool	2	0.149974401257137	0.0665759281048799	1.0713244173891
Gn3_AB8_Cwash	1	0	0	1
Gn3_AB8_Stool	4	0.519008088535453	0.26287071543622	1.35661412582704
Gn3_AB9_Stool	5	0.72981188861509	0.39404337010776	1.65028312369127
Gn3_B_Innoc	7	1.47511644503929	0.69388146504396	3.26670843418091
Gn3_B1_Cwash	0	0	1	Inf
Gn3_B1_Stool	1	0	0	1
Gn3_B10_Cwash	1	0	0	1
Gn3_B11_Cwash	2	0.628820207225447	0.43706465336862	1.77640293149831
Gn3_B13_Cwash	1	0	0	1
Gn3_B13_Stool	4	0.134857309794444	0.0455645435365108	1.04773978505089
Gn3_B14_Cwash	1	0	0	1
Gn3_B14_Stool	3	0.132605936194823	0.0554224190146202	1.05867429010628
Gn3_B15_Cwash	1	0	0	1
Gn3_B15_Stool	3	0.190193188760441	0.07531175015902	1.08144555764818
Gn3_B16_Cwash	1	0	0	1
Gn3_B2_Cwash	0	0	1	Inf
Gn3_B2_Stool	3	0.0541236088682003	0.0166823656936599	1.0169653885089
Gn3_B3_Cwash	0	0	1	Inf
Gn3_B3_Stool	4	0.0735427954780134	0.0250482742703401	1.02569180976791
Gn3_B4_Cwash	0	0	1	Inf
Gn3_B4_Stool	1	0	0	1
Gn3_B5_Cwash	0	0	1	Inf
Gn3_B5_Stool	4	0.182904848209873	0.07236268907094	1.07800752321882
Gn3_B6_Cwash	0	0	1	Inf
Gn3_B6_Stool	3	0.39872920189921	0.21118878874682	1.26773046038647
Gn3_B7_Stool	1	0	0	1
Gn3_B9_Cwash	2	0.489661526328433	0.31074491613438	1.45084167445178
Gn3_BP7_Cwash	2	0.268674961994595	0.14030229884238	1.16319957428461
Gn3_BP8_Cwash	2	0.342508570272873	0.1928170228875	1.23887647330876
Gn3_BV7_Cwash	0	0	1	Inf
Gn3_BV8_Cwash	0	0	1	Inf
Gn3_E1_Cwash	1	0	0	1
Gn3_E2_Cwash	1	0	0	1
Gn3_F1_Stool	4	0.956103184601862	0.5580054386857	2.26247127798685
Gn3_F2_Stool	5	0.856247108289613	0.48205459192864	1.93070540720428
Gn3_PBS_Innoc	0	0	1	Inf
Gn3_PBS1_Cwash	0	0	1	Inf
Gn3_PBS2_dam	0	0	1	Inf
Gn3_PBS3_Cwash	0	0	1	Inf
Gn4_E_Innoc	9	1.13346640401613	0.515876879178439	2.06559025378295
Gn4_F_Innoc	8	1.22896955852971	0.568009614495937	2.31486633396519
Gn4_G_Innoc	1	0	0	1
Gn4_H_Innoc	7	0.811356104559551	0.38469024035338	1.62519768998027
Gn4_I_Innoc	4	0.769350130561882	0.485508190664157	1.94366553918691
gnoto1_A_inoc	8	1.33665949636687	0.644442300937694	2.8124830446289
gnoto1_AM1_d10	3	0.156462060523789	0.0655395281891199	1.07013622316427
gnoto1_AM1_d20_colon	4	1.16091903234566	0.64067115235942	2.78296609516933
gnoto1_AM2_d10	4	0.547023148182197	0.2955040943566	1.41945466537059
gnoto1_AM2_d20_colon	4	1.15516231884053	0.65528872150278	2.90097847787149
gnoto1_AM3_d10	4	0.703786321503507	0.40815551579062	1.68963304834353
gnoto1_AM3_d20_colon	4	1.22645162796223	0.66317075097432	2.96886331247249
gnoto1_AM4_d10	4	0.445688740688219	0.21166426158762	1.26849507294175
gnoto1_AM4_d20_colon	4	1.13845765038236	0.633383323668218	2.72764460691095
gnoto1_AP1_d10	3	0.106445258059749	0.0372635131670199	1.03870582830989
gnoto1_AP1_d19_colon	4	1.36647874753847	0.7403685825887	3.8516139917529
gnoto1_AP2_d10	3	0.127283976789691	0.0460249282156849	1.04824542021795
gnoto1_AP2_d19_colon	4	1.36044058998383	0.737408930422186	3.80820262321857
gnoto1_AP3_d10	4	0.365509403733734	0.1720570820763	1.20781273485349
gnoto1_AP3_d20_colon	4	1.3241958168376	0.71930351334048	3.56256685611097
gnoto1_AP4_d10	4	0.310934349304127	0.1347391939843	1.15572090293184
gnoto1_AP4_d20_colon	4	1.06576554569279	0.60863363903398	2.55515062033352
gnoto1_B_inoc	7	1.1767553857174	0.602520526703309	2.51585318785398
gnoto1_BA1_d10	4	0.578540246539157	0.30580179308806	1.44051077926056
gnoto1_BA1_d20_colon	4	0.869964011083805	0.5255370513989	2.10764613537977
gnoto1_BA2_d10	4	0.70107080557295	0.4330639787579	1.76386746040426
gnoto1_BA2_d20_colon	4	0.894816481890146	0.54570869041194	2.20123074972923
gnoto1_BA3_d10	4	0.618674117191264	0.3234905983542	1.47817605722436
gnoto1_BA3_d20_colon	4	0.87989535764422	0.521097385203772	2.08810720406172
gnoto1_BA4_d10	4	0.364912782918209	0.158748481921042	1.18870513575245
gnoto1_BA4_d20_colon	4	0.939128353535277	0.555534000950834	2.24989088510544
gnoto1_BM1_d10	4	0.666886066299757	0.3523195861347	1.54397134542341
gnoto1_BM1_d20_colon	4	0.924981926732953	0.5559516990578	2.25200726560187
gnoto1_BM2_d10	4	0.563466686992675	0.28046133663681	1.3897793835371
gnoto1_BM2_d20_colon	4	0.891445524349841	0.54829708595166	2.21384447365549
gnoto1_BM3_d10	4	0.843220905863311	0.5272412508353	2.11524377236141
gnoto1_BM3_d20_colon	4	0.950694668174942	0.56296324363542	2.28813706270003
gnoto1_BM4_d10	4	0.916989200102727	0.504487335569648	2.0181118905399
gnoto1_BM4_d20_colon	4	0.783571312057085	0.5056603026211	2.02290045752389
gnoto1_BM5_d10	4	0.728438925568311	0.359189705478297	1.56052424336659
gnoto1_BM5_d20_colon	4	0.730107492194658	0.38821072837246	1.63454974837938
gnoto1_BP1_d10	3	0.448106272413918	0.26720625940278	1.3646404773941
gnoto1_BP1_d20_colon	4	0.38270779334636	0.17221374233502	1.20804131590781
gnoto1_BP2_d10	2	0.245853328550698	0.12505127022878	1.14292411197794
gnoto1_BP2_d20_colon	4	0.301513629495184	0.129064080000842	1.14819009876291
gnoto1_BP3_d10	4	0.334650189927878	0.15438420333682	1.18257015058851
gnoto1_BP3_d20_colon	4	0.767200687263139	0.386184115028093	1.629153015559
gnoto1_BP4_d10	4	0.396700720648753	0.18784303945182	1.23128908397834
gnoto1_BP4_d20_colon	4	0.448249990205494	0.2022482815069	1.25352284027533
gnoto2_BA1_d10	4	0.677314895117751	0.35999346903347	1.5624840554202
gnoto2_BA1_d20_colon	3	1.06118076055142	0.642151188398436	2.79447623571661
gnoto2_BA2_d10	2	0.412431877236353	0.24674625219822	1.32757387921175
gnoto2_BA2_d20_colon	4	0.947791933706008	0.5651275408129	2.29952478910549
gnoto2_BA3_d10	4	0.470165550019444	0.23046763919445	1.29949050999388
gnoto2_BA3_d20_colon	4	0.943976554347074	0.570897942628223	2.33044792682873
gnoto2_BA4_d10	4	0.367591514392508	0.168867961766	1.20317826049013
gnoto2_BA5_d10	2	0.666453982368713	0.4735451697795	1.89949819546942
gnoto2_BA5_d20_colon	3	0.601364603333591	0.329002546993366	1.49031862269992
gnoto2_BA6_d20_colon	4	0.988972116584625	0.5169603774878	2.07022354563624
gnoto2_BA7_d20_colon	4	0.860025998231845	0.53799150695934	2.16446237474685
gnoto2_BM1_d10	4	0.635080586537526	0.359383723968872	1.56099686725944
gnoto2_BM1_d20_colon	4	0.841234114439816	0.531955743012023	2.13655009129978
gnoto2_BM2_d10	4	0.43568977240601	0.2042441498887	1.25666685310593
gnoto2_BM2_d20_colon	3	0.686289502650039	0.43860240827758	1.78126877411766
gnoto2_BM3_d10	4	0.976029785543445	0.51732432794222	2.07178454993748
gnoto2_BM3_d20_colon	5	0.962637652209827	0.56855084752324	2.31777022682613
gnoto2_BM4_d10	4	0.42581029893729	0.205949596736359	1.25936589905361
gnoto2_BM4_d20_colon	4	0.959495590461052	0.5696836079686	2.32387150133716
gnoto2_BM5_d10	4	1.02101905296737	0.57132298699752	2.3327586263512
gnoto2_BM5_d20_colon	4	0.911368719625379	0.546005260579203	2.2026686945223
gnoto2_BM6_d10	4	0.623922521029734	0.32612389890376	1.48395231463652
gnoto2_BM6_d20_colon	5	0.985263116329184	0.569940763773107	2.32526107048289
gnoto2_BM7_d10	2	0.387287527212703	0.22690166188928	1.2934965071116
gnoto2_BM7_d20_colon	4	0.892215967508758	0.54537459642888	2.19961311476419
gnoto2_BP1_d10	4	0.627700984479053	0.300215657067388	1.42901168066902
gnoto2_BP1_d20_colon	4	0.641543003472723	0.3368008394219	1.50784268051292
gnoto2_BP2_d10	4	0.648932552030076	0.408711899572936	1.69122294069125
gnoto2_BP2_d20_colon	4	1.09706525204592	0.59422289418022	2.4644071478102
gnoto2_BP3_d10	4	0.720422605284037	0.34956613473844	1.53743532341734
gnoto2_BP4_d10	4	0.845555026435135	0.48006536212018	1.92331867728179
gnoto2_BP4_d20_colon	3	0.269951443755788	0.13125116886738	1.15108068542235
gnoto2_BP5_d10	4	0.726030756527641	0.3582745025079	1.55829868675634
gnoto2_BP5_d20_colon	3	0.427104488366215	0.21259681625032	1.26999740493544
gnoto2_BP6_d10	4	0.420317038482989	0.20436038127574	1.25685043387283
gnoto2_BP6_d20_colon	4	0.529938835058469	0.25479552347546	1.34191357070715
gnoto2_INOC_microA	8	1.34039951014438	0.647718962363626	2.83864271182318
gnoto2_INOC_microB	7	1.33802023496165	0.67597731408653	3.08620366250236
