Sample	richness	shannon	simpson	invsimpson
B0	0	0	1	Inf
B1	2	0.531795328847572	0.34753349369262	1.53264572255131
B1-colon	3	0.126525645583564	0.0483809071285598	1.05084062256735
B1-d31	2	0.244011806129762	0.12384175395038	1.14134633156596
b1-d33	2	0.519046094384725	0.33626531209982	1.50662609357309
B1-d39	2	0.366185945769863	0.21063641331128	1.26684333666172
B1-d40	2	0.434459969159263	0.26453746844798	1.35968857297154
B1-d48	3	0.276569904039375	0.139647237135151	1.16231392884722
B19	3	0.372451662040893	0.17827322758978	1.2169495184718
B2-d29	2	0.016461174912245	0.00465232728288001	1.00467407259835
b2-d33	2	0.623128884388713	0.43163181953528	1.75942291347549
B2-d39	2	0.348112604196595	0.19699285232568	1.24531892760384
B3	2	0.287986583430686	0.15357809385912	1.18144390255604
B3-d34	2	0.684952985895959	0.491828211518	1.96783848034378
B3-d39	2	0.357284386306367	0.20388316234208	1.25609703588468
B3-d40	2	0.486622775254694	0.30814196375838	1.44538322548409
B3-d48	3	0.274082669684793	0.12575329975266	1.14384189235954
B4-d29	2	0.133762629282957	0.05767080962808	1.06120027928384
B4-d34	2	0.634067820248202	0.44209359907808	1.79241535560004
B4-d40	2	0.461350583727658	0.286760236542	1.40205306999669
B4-d48	2	0.291320731821266	0.15590382109152	1.18469911958744
B5-d29	2	0.0064908495318555	0.00159492607277989	1.00159747392559
b5-d33	2	0.465422204254961	0.29017278625262	1.4087935495185
B5-d39	3	0.423950633555594	0.25569547259602	1.34353609736575
B5-d40	2	0.360963385794269	0.206666426318	1.2605038197978
B5-d48	3	0.317962198320048	0.16539003861362	1.19816446755427
B6-d29	2	0.0530306615621773	0.0185410519287801	1.01889131681485
b6-d33	2	0.424693699315747	0.25660330832318	1.34517682308268
B6-d34	2	0.676458815326268	0.4834046772555	1.93575116918855
B6-d39	2	0.308320602327033	0.167913579488	1.20179824516867
B6-d40	2	0.413853726197224	0.247883255582	1.32958082295298
B6-d48	3	0.310026156453976	0.151975093772897	1.17921064895257
B7-d29	2	0.026209628561403	0.00801541645757986	1.00808018248525
b7-d33	2	0.529275129208417	0.34529675122688	1.52740955826009
B7-d40	2	0.497679965179136	0.31764611438592	1.46551521297495
B7-d48	3	0.342110327811746	0.16220545109498	1.19361005786798
C0	0	0	1	Inf
C1	2	0.382891936852359	0.22348400980728	1.28780348715268
C1-d33	2	0.145240743233879	0.0639437850979201	1.06831190699867
C1-d44	2	0.420239946561235	0.25300951344558	1.33870513480381
C1-d45	2	0.159893562822466	0.0721747349047799	1.07778914588769
C1-d53	2	0.282055191861116	0.14946502483968	1.17573060391962
C19	3	0.251760206014429	0.113201467496865	1.12765184351099
C2-colon	3	0.186668765824223	0.0860637073814399	1.09416816913448
C2-d33	1	0	0	1
C2-d37	2	0.618456580254548	0.42718835406078	1.74577456147969
C2-d44	2	0.350002232974786	0.19840676742968	1.24751552204787
C2-d45	2	0.307417084274273	0.16726895326302	1.20086791998264
C2-d49	2	0.336716645949563	0.18852864350208	1.23232938783658
C2-d53	2	0.25864917485064	0.13354314181278	1.15412555230064
C3	2	0.494581357072157	0.31497363212792	1.45979782224491
C3-colon	2	0.110655885160027	0.0455334784759802	1.04770568422167
C3-d33	2	0.133317556826688	0.0574307454380001	1.06093000080369
C3-d44	2	0.325790342961961	0.18051531237432	1.22027905475248
C3-d45	2	0.382477411728399	0.22316250603822	1.28727051381122
C3-d53	2	0.249072067690021	0.12717299482062	1.14570240616522
C4-d33	2	0.687863895974445	0.49472602635488	1.97912430119021
C4-d44	2	0.316909473483309	0.17407651860192	1.21076591539358
C4-d45	2	0.113394387753465	0.04693634129408	1.04924785544526
C4-d53	2	0.255012381252822	0.13111413037752	1.15089913987724
C5-d34	2	0.463172900845959	0.28828603553022	1.40505884375191
C5-d44	2	0.274211819599849	0.14407435555808	1.16832578448099
C5-d45	2	0.218798777164413	0.1076074269195	1.12058305970437
C5-d53	2	0.243325503042644	0.12339180564792	1.14076049761219
C6-d33	2	0.394952696960818	0.23289829598958	1.30360810668518
C6-d37	2	0.672380207113917	0.47937718533198	1.92077636981326
C6-d44	2	0.519145658738237	0.33635285455352	1.50682483434361
C6-d49	2	0.163103325524045	0.07401020942462	1.0799255134105
C6-d53	2	0.224971852155464	0.11152541680608	1.12552460015813
C7-d33	2	0.672077697554169	0.47907891236352	1.91967655703322
C7-d38	2	0.660113779427954	0.46733196843768	1.87734187288655
C7-d44	2	0.430724019757433	0.2614936915395	1.35408457388077
C7-d45	2	0.325676916463586	0.1804326536595	1.2201559816471
C7-d53	3	0.344901869582553	0.191277753293847	1.23651847599457
C8-d35	2	0.25232577618804	0.12932761810478	1.14853763688159
C8-d38	2	0.487933354447739	0.30926375044142	1.44773059273935
C8-d44	2	0.373374501699054	0.21613710940718	1.27573330999726
C8-d45	2	0.222674221598557	0.1100627794875	1.12367476823154
C8-d53	2	0.223029558484749	0.11028864502968	1.12396002862452
CONV_MERO1_COLON	2	0.626991884819622	0.4353169471875	1.77090492625789
CONV_MERO1_D0	3	0.872059219417473	0.55063709596914	2.22537283569657
CONV_MERO1_D1	3	0.338910692033387	0.18156449630234	1.2218433773731
CONV_MERO1_D3	1	0	0	1
CONV_MERO2_COLON	2	0.415201091387581	0.2489621518355	1.33149081959578
CONV_MERO2_D0	4	0.968394683532381	0.58861537279234	2.43081518817964
CONV_MERO2_D3	1	0	0	1
CONV_MERO3_COLON	2	0.225392944436043	0.11179403546112	1.12586499069409
CONV_MERO3_D1	2	0.577354926735633	0.38875125311352	1.63599517396756
CONV_MERO3_D3	2	0.316191104222099	0.17355862713272	1.21000718602769
CONV_MERO4_COLON	2	0.552970166381432	0.36650673139262	1.57854873848671
CONV_MERO4_D0	4	0.712771720587283	0.37143608071654	1.59092809708194
CONV_MERO4_D1	1	0	0	1
CONV_MERO4_D3	1	0	0	1
CONV_PBS1_COLON	4	0.975829106128271	0.563566625718269	2.2913004800464
CONV_PBS1_D0	3	0.617288056407668	0.38363019073918	1.62240263065326
CONV_PBS1_D3	4	0.888286318192124	0.46597322702871	1.87256529187866
CONV_PBS2_COLON	4	0.924731922279365	0.535113762744867	2.15106389447961
CONV_PBS2_D1	4	1.14861887260924	0.63497496494604	2.73953812469924
CONV_PBS2_D3	4	0.805993180132582	0.41936738650326	1.72225944040192
CONV_PBS3_COLON	4	0.905254838626201	0.55632356611292	2.25389478372545
CONV_PBS3_D1	4	0.95105387130903	0.49267886283758	1.97113805585405
CONV_PBS4_COLON	4	1.0499444727491	0.59524504436766	2.47063065216267
CONV_PBS4_D0	4	0.728073152338448	0.381933387731139	1.61794858377659
CONV_PBS4_D1	4	0.972375576127116	0.53454599974006	2.14844001650332
CONV_PBS4_D3	4	0.787487339161444	0.40728961617238	1.68716463771425
CONV_WATER_F12	0	0	1	Inf
GF1_A10	3	0.372979259368603	0.20400447716006	1.25628847312133
GF1_B_mom_d32	3	0.413581739551129	0.20480371812474	1.25755115157451
GF1_B10	2	0.322315125785891	0.17798772643502	1.21652684778429
GF1_B14	2	0.17791508764605	0.0826269551743202	1.0900690898216
GF1_B17	3	0.390475586706922	0.195866542272067	1.24357467083323
GF1_B25	3	0.373937099565082	0.175834064218585	1.2133478909825
GF1_B3_d38	3	0.263293618627735	0.13113586252094	1.15092792631702
GF1_B5_D38	2	0.257988420852379	0.13310091647598	1.15353680607772
GF1_B6_d38	2	0.222848454346731	0.11017351299192	1.12381460273493
GF1_B7_D38	2	0.195160833949999	0.0929551453656798	1.10248131047847
GF1_C_mom_d32	3	0.285905430458334	0.124561297318578	1.14228443057984
GF1_C10	3	0.369434621490952	0.20872808103462	1.26378805570093
GF1_C14	3	0.338294738586003	0.16333756209422	1.1952251645276
GF1_C17	3	0.267159590147199	0.11902016703688	1.13509976344925
GF1_C25	3	0.310266377559289	0.144480633228832	1.16888061082021
GF1_C4_d39	2	0.328033249508717	0.18215204956542	1.22272116653056
GF1_C6_d39	2	0.395952452997687	0.23368386518222	1.30494446686521
GF1_C7_d39	2	0.354210378791985	0.20156609789358	1.25245182771149
GF1_INOC_GF1	3	0.689727381944793	0.49279154259448	1.97157595737897
GF10_A_DAM_D0	2	0.626262620773032	0.43462047806078	1.76872341709522
GF10_A1_COLON_D35	2	0.480021350434818	0.3025108441355	1.4337140464364
GF10_A1_d101	2	0.562190411121934	0.37486826531022	1.59966283026128
GF10_A1_d104_colon	2	0.139932996120078	0.0610235581630201	1.06498944536205
GF10_A1_d127_colon	2	0.483429862524853	0.305414322552	1.43970719879243
GF10_A1_D32	2	0.552430431492331	0.36601913521998	1.57733467294314
GF10_A1_D34	2	0.314812903298134	0.17256628228728	1.20855601916285
GF10_A1_d77	2	0.219939118745654	0.10832837976888	1.12148909678296
GF10_A1_d79	1	0	0	1
GF10_A1_d80_colon	2	0.584655627605883	0.39549267518328	1.65423967410683
GF10_A2_COLON_D35	1	0	0	1
GF10_A2_d101	1	0	0	1
GF10_A2_d103	2	0.105720852125557	0.0430304703987202	1.04496535058608
GF10_A2_d104_colon	2	0.209261637215214	0.1016281569875	1.1131248244009
GF10_A2_d127_colon	1	0	0	1
GF10_A2_D32	2	0.489113904324316	0.31027532638542	1.44985388844999
GF10_A2_D33	2	0.227420734954648	0.11308999368192	1.12751011137128
GF10_A2_D34	2	0.529616709184546	0.34559964411872	1.52811652838009
GF10_A2_d77	2	0.294552482772089	0.15816747646392	1.18788473008805
GF10_A2_d79	1	0	0	1
GF10_A3_COLON_D35	1	0	0	1
GF10_A3_d104_colon	3	0.462491507193182	0.27466229236826	1.37866815619588
GF10_A3_d127_colon	0	0	1	Inf
GF10_A3_D33	2	0.147724521536998	0.0653216467755002	1.06988676537779
GF10_A3_D34	2	0.454041470947884	0.28066557894368	1.39017398685236
GF10_A3_d79	2	0.236549072683665	0.1189730380755	1.13503904331783
GF10_A3_d80_colon	2	0.204267304530227	0.09853322024832	1.1093032183343
GF10_A4_d101	2	0.152872221787871	0.0682000115596799	1.07319168534638
GF10_A4_d104_colon	2	0.158868261179878	0.0715908521164801	1.07711131700898
GF10_A4_d127_colon	0	0	1	Inf
GF10_A4_d77	2	0.249006190244261	0.1271294725155	1.14564528015612
GF10_A5_d101	2	0.0700577575646419	0.0259710972286202	1.02666357964812
GF10_A5_d104_colon	2	0.180688888134326	0.0842669771871198	1.09202133710137
GF10_A5_d127_colon	2	0.432018211704829	0.26254688936832	1.35601841741969
GF10_A56_d101	2	0.142490342238712	0.0624264234755001	1.0665829595016
GF10_A6_d102	2	0.465890040239822	0.29056569167982	1.40957378050666
GF10_A6_d103	2	0.692951891620144	0.49980472377312	1.99921920003582
GF10_A6_d104_colon	2	0.682993100183918	0.4898803348875	1.96032434816929
GF10_A6_d127_colon	0	0	1	Inf
GF10_A7_d103	2	0.0275907564413237	0.00851523335838	1.00858836529302
GF10_A7_d104_colon	1	0	0	1
GF10_A7_d127_colon	2	0.0284089651619981	0.00881381219549993	1.00889218625516
GF10_A8_d102	2	0.0461755473824689	0.01570116253152	1.01595162153386
GF10_A8_d104_colon	3	0.559721995156086	0.36794772287346	1.58214761055247
GF10_Adam_d1	2	0.444102239462675	0.27244271348238	1.37446221559597
GF10_Adam_d20	3	0.465250459321538	0.22863529436792	1.29640362425005
GF10_C1_COLON_D55	2	0.0416384812622682	0.0138741944023799	1.01406939593673
GF10_C1_d102_colon	0	0	1	Inf
GF10_C1_d55	1	0	0	1
GF10_C1_d77	2	0.535771081937862	0.3510713739155	1.54100152128254
GF10_C1_d78	0	0	1	Inf
GF10_C1_d80_colon	0	0	1	Inf
GF10_C10_COLON_D55	1	0	0	1
GF10_C10_d55	0	0	1	Inf
GF10_C2_COLON_D35	3	0.974367802208855	0.59231942664366	2.45290078888781
GF10_C2_COLON_D55	1	0	0	1
GF10_C2_d101	2	0.139612214383606	0.06084813585102	1.06479051809811
GF10_C2_d103	2	0.641546609466053	0.44929327017848	1.81584851945443
GF10_C2_d104_colon	2	0.692062004978785	0.49891521701102	1.995670261697
GF10_C2_D32	3	0.572597081301273	0.32225490097144	1.47548097571394
GF10_C2_D33	2	0.186915890636767	0.0879784475343801	1.09646531630369
GF10_C2_D34	2	0.33224320786641	0.18523568703672	1.22734879779285
GF10_C2_d55	3	0.784458784235122	0.484504251438525	1.93988020811145
GF10_C2_d77	2	0.680556731784523	0.4874624803995	1.95107667586844
GF10_C2_d78	0	0	1	Inf
GF10_C2_d80_colon	1	0	0	1
GF10_C3_COLON_D35	3	0.77739596974828	0.472631585373558	1.89620760793637
GF10_C3_COLON_D55	0	0	1	Inf
GF10_C3_d101	2	0.0858604664955403	0.0332975709052801	1.03444448871041
GF10_C3_d102_colon	0	0	1	Inf
GF10_C3_D33	2	0.00976648736682547	0.00254515282871992	1.00255164716071
GF10_C3_d55	1	0	0	1
GF10_C3_d78	1	0	0	1
GF10_C3_d79	0	0	1	Inf
GF10_C3_d80_colon	0	0	1	Inf
GF10_C4_COLON_D55	1	0	0	1
GF10_C4_d102_colon	1	0	0	1
GF10_C4_d55	3	0.761048896211864	0.49257188323982	1.97072248653619
GF10_C4_d77	2	0.666862701128637	0.4739466318195	1.90094781344861
GF10_C4_d80_colon	2	0.678745753726606	0.48566784076542	1.94426885825724
GF10_C5_COLON_D55	2	0.0564174388833847	0.0199775595832801	1.02038479810195
GF10_C5_d101	2	0.129879152164142	0.05558425569102	1.05885570631999
GF10_C5_d55	3	0.733811121263461	0.45933732733334	1.84958209722116
GF10_C5_d77	2	0.0827649304292255	0.0318319640454199	1.03287855296114
GF10_C5_d80_colon	0	0	1	Inf
GF10_C6_COLON_D55	2	0.0784823035994561	0.0298283488155	1.03074543435595
GF10_C6_d101	2	0.00979247162760953	0.00255293292077985	1.00255946706852
GF10_C6_d102_colon	0	0	1	Inf
GF10_C6_d55	3	0.813084121980906	0.49640102384335	1.98570697587943
GF10_C7_COLON_D55	1	0	0	1
GF10_C7_d55	0	0	1	Inf
GF10_C8_COLON_D55	1	0	0	1
GF10_C8_d101	2	0.103374155150641	0.0418517260687801	1.04367980114087
GF10_C8_d103	2	0.535002349105282	0.35038641966222	1.53937668525961
GF10_C8_d55	3	0.786532050613029	0.44674872793074	1.80749697377074
GF10_C9_COLON_D55	2	0.258774456864172	0.13362703518318	1.15423730957652
GF10_C9_d55	0	0	1	Inf
GF10_Cdam_d0	3	0.713337843638182	0.477768295564414	1.91485884810608
GF10_Cdam_d1	2	0.493912817409712	0.31439795803448	1.45857208524809
GF10_Cdam_d20	3	0.435711598117949	0.213184249234828	1.27094557909842
GF10_INOC	2	0.651895476069547	0.45931872891128	1.8495184750646
GF11_A_DAM_D0	3	0.989089210354987	0.604374677696218	2.52764407034631
GF11_A1_COLON_D38	3	1.03123321155953	0.62396247994232	2.65930910257735
GF11_A1_D35	3	0.576250166814603	0.309397954625408	1.44801192915319
GF11_A1_D37	3	0.656860118489712	0.41149362339038	1.69921693246723
GF11_A2_COLON_D38	3	0.942213042192844	0.579954136854982	2.38069241418706
GF11_A2_D35	3	0.655023819078482	0.408332034062109	1.69013713361148
GF11_A2_D36	2	0.552465160326357	0.36605050298592	1.57741271932548
GF11_A3_D36	1	0	0	1
GF11_A4_COLON_D38	3	0.975407182979241	0.594256126694499	2.46460899545626
GF11_A4_D37	3	0.222334475139322	0.0970634407453907	1.10749751989832
GF11_A5_D35	3	0.571049176702589	0.31581199921422	1.4615865797873
GF11_B_dam_d0	0	0	1	Inf
GF11_B_dam_d111	3	0.75449045272158	0.49966268697486	1.9986516575264
GF11_B_dam_d20	3	0.705261702269813	0.445510788951873	1.80346160046964
GF11_B_dam_d7	3	0.661507085731512	0.37027447085746	1.5879934252652
GF11_B1_COLON_D38	3	0.930440997575807	0.57128480697216	2.3325508782122
GF11_B1_d105_colon	2	0.590068106468687	0.40051461371502	1.66809737631307
GF11_B1_D36	3	0.950476241474287	0.58571603727976	2.4138033088075
GF11_B1_d71	3	0.0895274462388308	0.0346319943421798	1.03587439622943
GF11_B2_COLON_D38	3	0.489535243439123	0.26758507538912	1.36534628992068
GF11_B2_d105_colon	3	0.890290819814906	0.55745993007018	2.25968238347001
GF11_B2_D36	3	0.984920878078807	0.598579396078795	2.49115264695354
GF11_B2_d71	3	0.413461457136316	0.20968508991694	1.2653184031349
GF11_B2_d73	1	0	0	1
GF11_B2_d74_colon	0	0	1	Inf
GF11_B3_COLON_D38	2	0.26976550549454	0.141043049598	1.16420269902
GF11_B3_d105_colon	3	0.866030885700005	0.53709362904688	2.16026406796046
GF11_B3_D35	3	0.207957803640373	0.0897074565782703	1.09854794178701
GF11_B3_D37	2	0.0327463832339615	0.0104260743194999	1.01053592263188
GF11_B3_d71	2	0.0925695188639778	0.03652271444448	1.0379071878414
GF11_B3_d72_colon	0	0	1	Inf
GF11_B4_COLON_D38	1	0	0	1
GF11_B4_d105_colon	3	0.690290598615125	0.40640927759054	1.68466244880121
GF11_B4_D35	3	0.526254923210498	0.285258509322415	1.39910724792538
GF11_B4_D37	2	0.128902064210004	0.0550621802215798	1.05827069154084
GF11_B4_d72	2	0.013752650782197	0.00377664142877987	1.00379095851978
GF11_B4_d73	1	0	0	1
GF11_B4_d74_colon	1	0	0	1
GF11_B5_COLON_D38	1	0	0	1
GF11_B5_d105_colon	3	0.769543580482232	0.46396360880288	1.86554498243434
GF11_B5_D35	2	0.0647463682711285	0.0235989724951799	1.0241693441838
GF11_B5_D37	1	0	0	1
GF11_B5_d71	3	0.574918906608934	0.35833259915586	1.55843977531733
GF11_B5_d74_colon	1	0	0	1
GF11_B6_d105_colon	3	0.803797909485711	0.51863968241138	2.07744586219635
GF11_B6_d71	3	0.0513481090030309	0.0156326002518798	1.0158808593782
GF11_B6_d72_colon	0	0	1	Inf
GF11_B7_d105_colon	3	0.84042938749617	0.480519206270834	1.9249989837379
GF11_B7_d71	3	0.31309585468525	0.14444918009158	1.16883763854851
GF11_B7_d73	1	0	0	1
GF11_B7_d74_colon	2	0.562967718338086	0.37557593506488	1.60147575366735
GF11_B8_d105_colon	3	0.804347513877677	0.50290776362754	2.0116990908921
GF11_C1_COLON_D38	1	0	0	1
GF11_C1_D36	3	0.674741541686247	0.38861996684114	1.63564386431338
GF11_C1_d71	3	0.300240003526759	0.14045318783474	1.16340376794712
GF11_C1_d74_colon	2	0.604085636972567	0.41361562674942	1.70536604592065
GF11_C2_COLON_D38	0	0	1	Inf
GF11_C2_D37	2	0.213779142030463	0.1044491326395	1.11663115569007
GF11_C2_d71	3	0.163087462979291	0.0641106397070199	1.06850237050131
GF11_C2_d72	3	0.160377346957077	0.0673010362003401	1.07215729706203
GF11_C2_d74_colon	2	0.30886095273351	0.16829943618432	1.20235580388715
GF11_C3_COLON_D38	1	0	0	1
GF11_C3_D35	3	0.101893511528915	0.0360900995137399	1.03744136199403
GF11_C3_D36	3	0.653694555963055	0.36669274157934	1.57901237780504
GF11_C3_d71	1	0	0	1
GF11_C3_d74_colon	2	0.635185105367539	0.44316675934542	1.79586979905233
GF11_C4_COLON_D38	1	0	0	1
GF11_C4_D35	3	0.512443158109019	0.27268603128158	1.37492203231305
GF11_C4_D36	3	0.443265843947464	0.22641103482184	1.29267614329232
GF11_C4_d74_colon	2	0.693124572956757	0.49997739256718	1.9999095743573
GF11_C5_D37	2	0.26728068987741	0.13935681495918	1.1619217085331
GF11_C5_d71	2	0.506312133328433	0.3251283425595	1.48176321968028
GF11_C5_d72	3	0.571036312004269	0.35373344579656	1.54734914486261
GF11_C5_d74_colon	2	0.671859517987849	0.47886382655712	1.91888425897115
GF11_C6_d71	3	0.34952946797817	0.15913565779498	1.18925247487327
GF11_C6_d72	3	0.221574523923537	0.0908771002137791	1.09996129262078
GF11_C6_d74_colon	2	0.504753260925436	0.32377309742238	1.4787935768131
GF11_C7_d71	3	0.176148003911283	0.0683740128307967	1.07339212706867
GF11_C7_d72_colon	2	0.114820753643941	0.04767091566048	1.0500571876302
GF11_INOC	3	0.952290551658142	0.56809720046464	2.31533576785285
GF12_A_dam_d1	0	0	1	Inf
GF12_A_dam_d21	2	0.303319596931257	0.16435441924152	1.19667957687557
GF12_A_Dam_d85	1	0	0	1
GF12_A1_d31	1	0	0	1
GF12_A1_d32_colon	0	0	1	Inf
GF12_A1_d76_colon	1	0	0	1
GF12_A2_d32	1	0	0	1
GF12_A2_d34_colon	2	0.266300544218911	0.13869321776888	1.16102650139316
GF12_A2_d76_colon	1	0	0	1
GF12_A3_d31	1	0	0	1
GF12_A3_d32_colon	0	0	1	Inf
GF12_A3_d76_colon	1	0	0	1
GF12_A4_d31	1	0	0	1
GF12_A4_d32	1	0	0	1
GF12_A4_d34_colon	1	0	0	1
GF12_A4_d76_colon	1	0	0	1
GF12_A5_d34_colon	1	0	0	1
GF12_A5_d76_colon	1	0	0	1
GF12_A6_d76_colon	1	0	0	1
GF12_A7_d76_colon	1	0	0	1
GF12_A8_d76_colon	1	0	0	1
GF12_B_Dam_d0	0	0	1	Inf
GF12_B1_d79	1	0	0	1
GF12_B1_d82_colon	0	0	1	Inf
GF12_B2_d32	1	0	0	1
GF12_B2_d34_colon	0	0	1	Inf
GF12_B2_d79	1	0	0	1
GF12_B2_d81	1	0	0	1
GF12_B2_d82_colon	1	0	0	1
GF12_B3_d31	1	0	0	1
GF12_B3_d32	0	0	1	Inf
GF12_B3_d34_colon	0	0	1	Inf
GF12_B3_d80	1	0	0	1
GF12_B3_d82_colon	0	0	1	Inf
GF12_B4_d31	1	0	0	1
GF12_B4_d34_colon	0	0	1	Inf
GF12_B4_d79	1	0	0	1
GF12_B5_d79	1	0	0	1
GF12_B5_d82_colon	0	0	1	Inf
GF12_B6_d82_colon	0	0	1	Inf
GF12_C1_d31_colon	0	0	1	Inf
GF12_C1_d79	1	0	0	1
GF12_C1_d82_colon	1	0	0	1
GF12_C1_d92_colon	0	0	1	Inf
GF12_C2_d31	1	0	0	1
GF12_C2_d32_colon	0	0	1	Inf
GF12_C2_d79	1	0	0	1
GF12_C2_d92_colon	0	0	1	Inf
GF12_C3_d31	1	0	0	1
GF12_C3_d34_colon	0	0	1	Inf
GF12_C3_d79	1	0	0	1
GF12_C3_d80_colon	1	0	0	1
GF12_C3_d92_colon	0	0	1	Inf
GF12_C4_d31	1	0	0	1
GF12_C4_d80_colon	0	0	1	Inf
GF12_C4_d80	0	0	1	Inf
GF12_C4_d92_colon	0	0	1	Inf
GF12_C5_d31_colon	0	0	1	Inf
GF12_C5_d79	1	0	0	1
GF12_C5_d80_colon	0	0	1	Inf
GF12_Inoc	1	0	0	1
GF13_A1_d32	1	0	0	1
GF13_A1_d34	1	0	0	1
GF13_A1_d35_colon	0	0	1	Inf
GF13_A1_d65_colon	2	0.65547854840771	0.46280677348728	1.86152756707613
GF13_A10_d65_colon	2	0.592027449933838	0.40233762381432	1.67318546364264
GF13_A2_d32	1	0	0	1
GF13_A2_d35_colon	0	0	1	Inf
GF13_A2_d65_colon	2	0.654932479064072	0.4622746247555	1.8596853450431
GF13_A3_d32	1	0	0	1
GF13_A3_d35_colon	0	0	1	Inf
GF13_A3_d65_colon	2	0.521937533789861	0.33881055111518	1.51242582846206
GF13_A4_d32	1	0	0	1
GF13_A4_d35_colon	0	0	1	Inf
GF13_A4_d65_colon	2	0.564576766091958	0.37704219007928	1.60524514513634
GF13_A5_d32	1	0	0	1
GF13_A5_d35_colon	0	0	1	Inf
GF13_A5_d65_colon	2	0.547584520003342	0.36165063816672	1.56654029876069
GF13_A6_d32	1	0	0	1
GF13_A6_d34	1	0	0	1
GF13_A6_d35_colon	0	0	1	Inf
GF13_A6_d65_colon	2	0.626179044391914	0.43454068340088	1.76847382410174
GF13_A7_d65_colon	2	0.565152179857067	0.37756698410382	1.60659858082913
GF13_A8_d65_colon	2	0.574621483496152	0.38623683559608	1.6292929553229
GF13_A9_d65_colon	2	0.527460375152081	0.34368894623678	1.52366777043614
GF13_B1_d32	1	0	0	1
GF13_B1_d65_colon	1	0	0	1
GF13_B2_d32	1	0	0	1
GF13_B2_d35_colon	2	0.685676894689076	0.49254833446368	1.97063103328888
GF13_B2_d65_colon	0	0	1	Inf
GF13_B3_d32	1	0	0	1
GF13_B3_d34	2	0.206531014162482	0.0999329070975801	1.11102828654176
GF13_B3_d35_colon	2	0.475844389920149	0.29896455549582	1.42646139769333
GF13_B3_d65_colon	1	0	0	1
GF13_B4_d32	1	0	0	1
GF13_B4_d35_colon	2	0.679021141311206	0.48594060209022	1.94530049263977
GF13_B4_d65_colon	0	0	1	Inf
GF13_B5_d32	1	0	0	1
GF13_B5_d35_colon	2	0.645637972440042	0.453248072672	1.8289830360307
GF13_B5_d65_colon	1	0	0	1
GF13_B6_d65_colon	0	0	1	Inf
GF13_B7_d65_colon	0	0	1	Inf
GF13_B8_d65_colon	2	0.161411966093257	0.0730415882967801	1.07879704998045
GF13_B9_d65_colon	1	0	0	1
GF13_inoc_200118	3	0.780297791200718	0.47327217798202	1.89851372606223
GF14_A_d66_stool	3	0.535615182154181	0.27200098956968	1.37362824079788
GF14_A_Dam_d0	0	0	1	Inf
GF14_A_Dam_d21	2	0.293921529352935	0.15772480826232	1.18726042249555
GF14_A1_d32	2	0.248839360609861	0.12701927373582	1.14550066217313
GF14_A1_d35_colon	1	0	0	1
GF14_A1_d94_stool	2	0.189157467592412	0.08932447441518	1.09808595038042
GF14_A1_d95_stool	2	0.306371129849466	0.16652358554238	1.19979399855093
GF14_a1_d97_colon	1	0	0	1
GF14_A2_d32	2	0.213931823896899	0.10454483048702	1.11675049075196
GF14_A2_d33	2	0.229322389722503	0.11430895898552	1.1290618891827
GF14_A2_d35_colon	1	0	0	1
GF14_A2_d94_stool	2	0.00685512985850732	0.00169735703927998	1.00170024295863
GF14_A2_d96_16_stool	1	0	0	1
GF14_a2_d97_colon	2	0.00806791286585587	0.00204450571421999	1.00204869428138
GF14_A3_d32	2	0.305693340022452	0.16604108477312	1.19909983782348
GF14_A3_d35_colon	1	0	0	1
GF14_a3_d97_colon	1	0	0	1
GF14_A4_d32	2	0.0608098610504617	0.02187202800222	1.02236111084478
GF14_A4_d33	1	0	0	1
GF14_A4_d34	1	0	0	1
GF14_A4_d35_colon	1	0	0	1
GF14_A4_d94_stool	2	0.0431338828646778	0.0144715438735801	1.01468404467027
GF14_A4_d95_stool	2	0.127900922249174	0.05452847157758	1.05767330896634
GF14_a4_d97_colon	1	0	0	1
GF14_A5_d32	2	0.134378728022024	0.0580035181595	1.06157509001113
GF14_A5_d35_colon	1	0	0	1
GF14_A5_d94_stool	2	0.0327841500694932	0.0104403232894201	1.01055047364513
GF14_A5_d96_16_stool	2	0.241224639140585	0.12201721970808	1.13897450205972
GF14_A5_d96_stool	2	0.194794643613714	0.09273261537518	1.10221089939602
GF14_a5_d97_colon	1	0	0	1
GF14_A6_d34_colon	2	0.114483576394977	0.0474970314380001	1.04986549439285
GF14_A6_d94_stool	2	0.0324959261306705	0.01033166965632	1.01043952740484
GF14_A6_d95_stool	2	0.288695127523235	0.15407151486782	1.18213302610769
GF14_A6_d96_16_stool	2	0.392971537988327	0.23134391847518	1.30097194835986
GF14_a6_d97_colon	1	0	0	1
GF14_A7_d32	2	0.121381757307458	0.0510835951839199	1.05383360949885
GF14_A7_d34	1	0	0	1
GF14_A7_d35_colon	1	0	0	1
GF14_A7_d94_stool	2	0.0865151734223295	0.0336093851820001	1.03477826115719
GF14_A7_d95_stool	2	0.168089357610259	0.07688408382302	1.0832875725309
GF14_a7_d97_colon	1	0	0	1
GF14_A8_d94_stool	2	0.10125660380702	0.0407945222131199	1.04252949254131
GF14_A8_d96_16_stool	2	0.364166390571537	0.2090985912	1.26438009703037
GF14_A8_d96_stool	2	0.254078462309942	0.1304923422	1.15007612759865
GF14_a8_d97_colon	1	0	0	1
GF14_Adam_d18_stool	2	0.472101942030785	0.29579821851342	1.42004752940128
GF14_Adam_d5_stool	2	0.404728698624404	0.24061377456302	1.31685296164618
GF14_Adam_d51_stool	2	0.379774798251423	0.22106974685982	1.28381199211174
GF14_Adam_d59_stool	2	0.370763091774056	0.21413401400192	1.27248159077653
GF14_Adam_d78_stool	2	0.355687659004982	0.20267864464568	1.25419944327919
GF14_Adam_d9_stool	2	0.588452983641756	0.39901388783288	1.66393196074708
GF14_B_d0_stool	0	0	1	Inf
GF14_B_d66_stool	2	0.342236879065704	0.19261523577912	1.23856684484874
GF14_B_d78_stool	2	0.2893913258394	0.15455677103118	1.18281153096429
GF14_b1_d95_colon	1	0	0	1
GF14_b2_d95_colon	2	0.630563120273947	0.4387328487995	1.78168274744227
GF14_b3_d95_colon	2	0.692520823724725	0.49937377395	1.99749822914816
GF14_Bdam_d18_stool	2	0.427547028605753	0.25891376374752	1.34937062798089
GF14_Bdam_d5_stool	2	0.610146293859199	0.41932225059768	1.72212556969727
GF14_Bdam_d51_stool	2	0.473651214491266	0.29710772852558	1.42269312180991
GF14_Bdam_d59_stool	2	0.315913164040743	0.17335837115582	1.20971405879742
GF14_Bdam_d9_stool	2	0.488706385607932	0.30992602001502	1.44911999148521
GF14_C_d66_stool	3	0.72686004560849	0.40899950614486	1.69204596340847
GF14_c_d78_stool	3	0.512460020351731	0.26383247566808	1.3583864636076
GF14_c1_d130_colon	2	0.0350107603753549	0.0112865773994999	1.01141541840285
GF14_c2_d130_colon	2	0.01253584476651	0.0033930240792801	1.00340457588725
GF14_c3_d130_colon	2	0.00300260068976406	0.000666577688879899	1.00066702231107
GF14_Cdam_d18_stool	3	0.531660038662967	0.27238989986214	1.37436245017837
GF14_cdam_d5_stool	2	0.4930853613735	0.31368589834208	1.45705879798231
GF14_Cdam_d51_stool	3	0.459437011307977	0.24934977702834	1.33217838268431
GF14_Cdam_d59_stool	3	0.422349949765655	0.20781336307192	1.26232879145472
GF14_Cdam_d9_stool	3	0.501914087859703	0.30863729338974	1.446418776192
GF14_d67_A1_stool	2	0.013376850638214	0.0036574868191801	1.00367091313559
GF14_d67_A2_stool	0	0	1	Inf
GF14_d67_A3_stool	1	0	0	1
GF14_d67_A4_stool	1	0	0	1
GF14_d67_A5_stool	1	0	0	1
GF14_d67_A6_stool	1	0	0	1
GF14_d67_A7_stool	1	0	0	1
GF14_d67_A8_stool	1	0	0	1
GF14_d67_A9_stool	1	0	0	1
GF14_d68_A1_colon	1	0	0	1
GF14_d68_A10_colon	2	0.0436427340723126	0.01467589893048	1.01489448894486
GF14_d68_A2_colon	1	0	0	1
GF14_d68_A3_colon	1	0	0	1
GF14_d68_A4_colon	2	0.068828914613547	0.0254180790499201	1.02608100817748
GF14_d68_A5_colon	1	0	0	1
GF14_d68_A6_colon	1	0	0	1
GF14_d68_A7_colon	1	0	0	1
GF14_d68_A8_colon	1	0	0	1
GF14_d68_A9_colon	1	0	0	1
GF14_d89_B1_stool	2	0.167613807261785	0.0766088024095799	1.08296462280504
GF14_d89_B2_stool	2	0.114486529142278	0.0474985535455199	1.04986717208916
GF14_d89_B3_stool	2	0.117758252520302	0.0491920217014199	1.05173707291502
GF14_d90_B2_stool	2	0.181328955568811	0.0846465838332799	1.09247420978419
GF14_d90_B3_stool	2	0.192006448827157	0.0910428006247801	1.10016181255549
GF14_d91_B2_stool	2	0.079262679362123	0.0301913392750199	1.03113123288923
GF14_INOC	3	0.641674473925841	0.44474462202078	1.80097310113298
GF15_A_Dam_d0	0	0	1	Inf
GF15_A_Dam_d21	3	0.700377934808544	0.439311350637705	1.78352103460158
GF15_a1_d106_stool	3	0.313078440686105	0.14116654816018	1.16437010907967
GF15_A1_d108_colon	1	0	0	1
GF15_A1_d32	0	0	1	Inf
GF15_A1_d35_colon	1	0	0	1
GF15_A1_d72_stool	3	0.47049089631986	0.25377757521912	1.34008301920656
GF15_a1_d74_colon	0	0	1	Inf
GF15_a2_d105_stool	3	0.612254542430395	0.32212476776458	1.4751977243693
GF15_a2_d106_stool	3	0.788749956023087	0.473606065730128	1.89971793916478
GF15_A2_d108_colon	2	0.0556911331370641	0.0196676908875	1.02006226940057
GF15_A2_d32	1	0	0	1
GF15_a3_d105_stool	3	0.50353488690296	0.26354681629918	1.35785956545779
GF15_A3_d108_colon	2	0.0865945735020717	0.0336472440088798	1.03481880069186
GF15_A3_d32	1	0	0	1
GF15_A3_d33	0	0	1	Inf
GF15_A3_d35_colon	1	0	0	1
GF15_a3_d74_colon	0	0	1	Inf
GF15_a4_d105_stool	3	0.0773832287148508	0.02545715713176	1.0261221528823
GF15_A4_d108_colon	2	0.0732609269355428	0.0274242741395001	1.02819757208647
GF15_A4_d32	3	0.31951745969882	0.14460776599322	1.16905433582891
GF15_a5_d105_stool	3	0.526127817072482	0.29341527558222	1.41525844734896
GF15_A5_d108_colon	2	0.0711029125882546	0.0264434103166201	1.02716165716183
GF15_A5_d32	3	0.207206405344746	0.0845434250874399	1.09235110370529
GF15_A5_d35_colon	1	0	0	1
GF15_a5_d71_colon	0	0	1	Inf
GF15_a6_d105_stool	3	0.236732943938395	0.10773278837224	1.12074049899884
GF15_A6_d108_colon	1	0	0	1
GF15_A6_d32_colon	1	0	0	1
GF15_a6_d74_colon	0	0	1	Inf
GF15_A7_d108_colon	2	0.207949793273233	0.100812791838	1.11211546485861
GF15_a7_d74_colon	1	0	0	1
GF15_a8_d105_stool	3	0.429534138287962	0.244815425858592	1.32417959031662
GF15_A8_d108_colon	2	0.0669979865265395	0.0245987708595001	1.02521913047124
GF15_a8_d74_colon	0	0	1	Inf
GF15_a9_d105_stool	3	0.133807388138945	0.0516752246375001	1.05449106253472
GF15_a9_d106_stool	3	0.528649320406292	0.294643904224736	1.41772362355626
GF15_A9_d108_colon	2	0.0690080699600434	0.0254985487215802	1.02616573704239
GF15_adam_d11_stool	3	0.537704570117771	0.295438629049803	1.41932277475185
GF15_adam_d18_stool	3	0.658970022955066	0.38532234729422	1.62686897042385
GF15_Adam_d5_stool	3	0.581937212465868	0.31951967480194	1.46955020295251
GF15_b_d5_stool	1	0	0	1
GF15_B1_d32	3	0.396431577016239	0.19310589824106	1.23932000224083
GF15_B1_d35_colon	1	0	0	1
GF15_B1_d94_stool	3	0.0638732312207446	0.0215719910784418	1.02204760174662
GF15_b1_d97_colon	1	0	0	1
GF15_b10_d94_stool	1	0	0	1
GF15_B10_d97_colon	1	0	0	1
GF15_B2_d32	3	0.327321490071123	0.151229356405967	1.17817458408505
GF15_B2_d33	3	0.383216099837532	0.18240412547454	1.22309814806784
GF15_B2_d35_colon	1	0	0	1
GF15_b2_d94_stool	3	0.187925090247853	0.0822600122375801	1.08963324398465
GF15_b2_d95_stool	3	0.536287447578525	0.31844381243294	1.46723046205432
GF15_b2_d97_colon	1	0	0	1
GF15_B3_d34	1	0	0	1
GF15_B3_d35_colon	1	0	0	1
GF15_b3_d94_stool	2	0.0073940427305791	0.00185048467757976	1.00185391531947
GF15_b3_d97_colon	1	0	0	1
GF15_b4_d106_stool	3	0.536710808159788	0.30915329434328	1.44749912218138
GF15_B4_d32	3	0.294389383588008	0.13701548947456	1.1587693496273
GF15_B4_d33	3	0.313109242448431	0.14687870331222	1.17216626039283
GF15_B4_d34	1	0	0	1
GF15_B4_d35_colon	2	0.00782983644045377	0.00197564454911969	1.00197955544705
GF15_b4_d96_stool	2	0.0226424617829266	0.00674986459008009	1.00679573488031
GF15_b4_d97_colon	2	0.692619053576773	0.49947196599608	1.99789009219046
GF15_b5_d107_stool	3	0.358516077237846	0.17440335829974	1.21124523706948
GF15_B5_d32	3	0.103441687758229	0.03664091370814	1.03803453377824
GF15_B5_d35_colon	1	0	0	1
GF15_b5_d94_stool	3	0.0161662010568676	0.00412974618695994	1.00414687171461
GF15_b5_d95_stool	3	0.379032939209564	0.197157870001252	1.2455748927894
GF15_b5_d97_colon	1	0	0	1
GF15_B6_d32	2	0.00891493409778659	0.00229216694647993	1.00229743304657
GF15_B6_d34_colon	1	0	0	1
GF15_b6_d94_stool	3	0.0198484632017631	0.00518445968662007	1.00521147838622
GF15_b6_d95_stool	3	0.0551755307236513	0.0178809892980201	1.01820654024937
GF15_b6_d97_colon	1	0	0	1
GF15_B7_d32	1	0	0	1
GF15_B7_d33	0	0	1	Inf
GF15_B7_d35_colon	1	0	0	1
GF15_b7_d97_colon	1	0	0	1
GF15_b8_d94_stool	3	0.13156893096435	0.04893467809486	1.05145248908544
GF15_b8_d97_colon	1	0	0	1
GF15_b9_d106_stool	3	0.0787158819528468	0.0283291328906599	1.02915507076479
GF15_b9_d94_stool	3	0.20366771046062	0.0831729322600199	1.09071823377231
GF15_B9_d97_colon	1	0	0	1
GF15_bdam_d18_stool	3	0.774438641317807	0.47680281172198	1.91132525633646
GF15_c_d18_stool	3	0.692963494647892	0.41191734166982	1.70044123191701
GF15_c1_d105_stool	2	0.0912794477600741	0.035897463822	1.03723407259596
GF15_c1_d108_colon	3	0.0588983562004828	0.01897093663806	1.01933779267767
GF15_C1_d36	3	0.715214739443425	0.49649284911778	1.98606911192393
GF15_C1_d37	3	0.464965489421779	0.24604767332774	1.32634380798814
GF15_C1_d39_colon	1	0	0	1
GF15_c1_d74_colon	1	0	0	1
GF15_c2_d105_stool	3	0.189522723097718	0.0872410715778201	1.09557953240581
GF15_c2_d108_colon	3	0.0684883575071233	0.0233516765423201	1.02391001549017
GF15_C2_d36	2	0.307374525187005	0.16723860635118	1.20082415878864
GF15_C2_d37	3	0.373004772268614	0.189105112357341	1.23320545639039
GF15_C2_d39_colon	1	0	0	1
GF15_c2_d73_16_stool	1	0	0	1
GF15_c2_d74_colon	1	0	0	1
GF15_c3_d108_colon	2	0.0475789973922548	0.01627496251392	1.01654421905893
GF15_C3_d36	3	0.303579401274291	0.15000864284856	1.17648255077708
GF15_C3_d39_colon	1	0	0	1
GF15_c4_d105_stool	3	0.41994851684152	0.239032522106093	1.31411660688529
GF15_c4_d108_colon	3	0.0536022566537572	0.01838485241606	1.01872918573161
GF15_C4_d36	3	0.151578698384963	0.05947673525064	1.06323792029375
GF15_C4_d37	3	0.188481367342768	0.0747177186104229	1.08075126922155
GF15_C4_d38	1	0	0	1
GF15_C4_d39_colon	1	0	0	1
GF15_c4_d73_stool	3	0.0242569485021953	0.00669241168349988	1.00673750181939
GF15_c4_d74_colon	1	0	0	1
GF15_c5_d105_stool	3	0.304076143999961	0.14208490895968	1.16561651665013
GF15_c5_d108_colon	2	0.0988261642533444	0.0395887179875001	1.04122058823023
GF15_C5_d36	3	0.611621604391356	0.41459872368184	1.70822996200047
GF15_C5_d37	3	0.558527712218124	0.34236319903822	1.52059616879335
GF15_C5_d39_colon	1	0	0	1
GF15_c5_d71_stool	3	0.733271378831217	0.41993798090872	1.72395358959477
GF15_c5_d74_colon	1	0	0	1
GF15_c6_d105_stool	3	0.219442900944233	0.104600307242	1.11681968185606
GF15_c6_d108_colon	2	0.119875901109154	0.0502954644823801	1.05295906526862
GF15_C6_d36	3	0.305147804296043	0.15502655397282	1.1834691429674
GF15_C6_d39_colon	1	0	0	1
GF15_c6_d71_stool	3	0.139796019144994	0.0550442495686295	1.05825061072278
GF15_C6_d72_stool	3	0.107882752289232	0.0379020240589547	1.03939518116321
GF15_c6_d74_colon	1	0	0	1
GF15_c7_d105_stool	2	0.0406476905214668	0.0134810841208799	1.01366530727783
GF15_c7_d108_colon	2	0.0976972145209579	0.0390314085823198	1.04061673704105
GF15_c7_d72_stool	3	0.141827107724785	0.0542077266135199	1.05731462197235
GF15_c7_d74_colon	1	0	0	1
GF15_c8_d108_colon	2	0.038436646265545	0.0126116540295798	1.0127727393999
GF15_c8_d74_colon	1	0	0	1
GF15_c9_d108_colon	3	0.459124223881461	0.27498614305066	1.37928398252652
GF15_cdam_d11_stool	3	0.609938632251243	0.34610389288234	1.52929492791745
GF15_cdam_d23_stool	3	0.499486136523571	0.29440857433322	1.41725078228524
GF15_cdam_d5_stool	3	0.71393796688556	0.3979298289385	1.66093596405369
GF15_cdam_d59_stool	3	0.867669482036664	0.550189275504939	2.22315730938287
GF15_d67_B1_stool	3	0.203217342930551	0.09109959831624	1.10023056227885
GF15_d67_B2_stool	3	0.044983451200397	0.0145063186548602	1.014719849482
GF15_d67_B3_stool	3	0.211469650271765	0.0857237963680799	1.09376137760946
GF15_d67_B4_stool	2	0.0522295135341746	0.01820441276088	1.01854195822174
GF15_d67_B5_stool	3	0.123200884391243	0.0462572926954998	1.04850080880433
GF15_d67_B6_stool	2	0.00738216904479573	0.00184709096927982	1.00185050902779
GF15_d67_B7_stool	2	0.00708499784232126	0.00176244415200011	1.00176555584558
GF15_d67_B8_stool	3	0.0396221223875277	0.0115496366722601	1.0116845894349
GF15_d68_B1_colon	2	0.201207370813106	0.0966494571214198	1.10698998067067
GF15_d68_B2_stool	3	0.0333947250566466	0.0100187181262601	1.01012010864215
GF15_d68_B5_colon	1	0	0	1
GF15_d68_B8_stool	3	0.106135432346439	0.03840088781034	1.03993440439322
GF15_d69_B2_stool	1	0	0	1
GF15_d69_B9_stool	1	0	0	1
GF15_d70_B2_colon	1	0	0	1
GF15_d70_B4_colon	1	0	0	1
GF15_d70_B6_colon	1	0	0	1
GF15_d70_B7_colon	1	0	0	1
GF15_d70_B8_colon	1	0	0	1
GF15_d70_B9_colon	1	0	0	1
GF15_d71_A1_stool	3	0.0501812298374155	0.01597860547714	1.01623806714577
GF15_d71_A3_stool	3	0.406953077788464	0.21937597270664	1.28102641609339
GF15_d71_A4_stool	1	0	0	1
GF15_d71_A5_stool	1	0	0	1
GF15_d71_A6_stool	3	0.120642857135217	0.043404652294029	1.04537409929718
GF15_d71_A7_stool	3	0.0849903828004348	0.02834981800758	1.02917698008294
GF15_d71_A8_stool	3	0.225441661741454	0.09235001623782	1.10174628754471
GF15_d71_C2_stool	3	0.327474008808724	0.16458954094393	1.19701637579436
GF15_d71_C3_stool	3	0.485874679291553	0.28828681383638	1.40506038027811
GF15_d71_C4_stool	2	0.0160396439349608	0.00451416490231993	1.00453463499245
GF15_INOC	3	0.738460392963329	0.45408410549512	1.83178399835189
GF16_A1_d32	2	0.692750849384831	0.49960372118712	1.99841614004876
GF16_A1_d35_colon	1	0	0	1
GF16_A2_d32	1	0	0	1
GF16_A2_d35_colon	2	0.685786101867236	0.49265700093918	1.97105311761702
GF16_A3_d32	2	0.344247789152894	0.19411020785022	1.24086445782173
GF16_A3_d34	2	0.426138421989126	0.25777237240238	1.34729557728364
GF16_A3_d35_colon	1	0	0	1
GF16_a4_d100_stool	2	0.63814448598433	0.44601338589408	1.80509776687276
GF16_A4_d32	2	0.678166310502156	0.4850940895395	1.94210239130031
GF16_A4_d35_colon	0	0	1	Inf
GF16_A5_d32	1	0	0	1
GF16_A5_d35_colon	0	0	1	Inf
GF16_A6_d32	2	0.507783959342295	0.32640954226782	1.4845816007649
GF16_A6_d33	2	0.383095497531405	0.22364194088928	1.28806545931326
GF16_A6_d35_colon	1	0	0	1
GF16_A7_d32	2	0.583122131090327	0.39407355424248	1.65036533229675
GF16_A7_d34	2	0.152758792313218	0.0681362591718202	1.07311826416946
GF16_A7_d35_colon	0	0	1	Inf
GF16_Adam_d21	3	0.263930693593218	0.12103763682046	1.13770514175672
GF16_ADam_do	0	0	1	Inf
GF16_B1_d32	1	0	0	1
GF16_B1_d34	0	0	1	Inf
GF16_B1_d35_colon	0	0	1	Inf
GF16_B2_d32	1	0	0	1
GF16_B2_d34	3	0.751795272059952	0.46032697801574	1.85297385502655
GF16_B3_d35_colon	0	0	1	Inf
GF16_B4_d35_colon	0	0	1	Inf
GF16_B5_d32	2	0.686840636257661	0.49370672438798	1.97513980171112
GF16_B5_d33_colon	2	0.604555519389202	0.4140571513595	1.70665108776426
GF16_B5_d33	0	0	1	Inf
GF16_B6_d32	2	0.458472885201657	0.28435587449742	1.39734256785483
GF16_B6_d35_colon	0	0	1	Inf
GF16_c1_d105_stool	2	0.0295171742932558	0.00922108915199993	1.00930690898952
GF16_C1_d34	1	0	0	1
GF16_C1_d35_colon	2	0.0683532635826975	0.02520469423182	1.02585639680728
GF16_c1_d67_stool	2	0.679530451072457	0.48644518875	1.94721182256279
GF16_c1_d69_stool	2	0.196794748712537	0.0939497399887799	1.10369153250684
GF16_c10_d105_stool	1	0	0	1
GF16_c10_d106_stool	1	0	0	1
GF16_c2_d105_stool	1	0	0	1
GF16_C2_d32	2	0.222922905261248	0.110220839262	1.12387437706518
GF16_C2_d35_colon	2	0.660704879506142	0.46791008088062	1.8793815933499
GF16_c2_d67_stool	3	0.700804315675628	0.50016449735142	2.00065820595195
GF16_c2_d68_stool	2	0.643494398135906	0.45117462496128	1.82207318662963
GF16_c2_d69_stool	3	0.60339800095669	0.36686901517896	1.57945199962478
GF16_c3_d105_stool	3	0.268702028039108	0.12683995825726	1.14526541778538
GF16_C3_d32	2	0.603323761459891	0.41290005638462	1.70328750815742
GF16_C3_d33	2	0.693147035514958	0.49999985495502	1.99999941982025
GF16_C3_d35_colon	2	0.692063673057952	0.49891688388408	1.99567690037407
GF16_c3_d67_stool	2	0.616322821215368	0.42516409931232	1.73962690709417
GF16_c4_d105_stool	1	0	0	1
GF16_C4_d33	3	0.480945705535239	0.24458503585802	1.32377573581141
GF16_C4_d34	1	0	0	1
GF16_C4_d35_colon	2	0.693137376050282	0.49999019552238	1.99996078285853
GF16_c4_d67_stool	2	0.687043542345801	0.493908790062	1.97592841045887
GF16_c4_d69_stool	2	0.692602799547431	0.49945571777822	1.99782523848094
GF16_c5_d105_stool	1	0	0	1
GF16_C5_d32	2	0.449189020372404	0.27664170726702	1.38244077664724
GF16_C5_d35_colon	2	0.691160356259357	0.498014491872	1.99208938068589
GF16_c5_d67_stool	2	0.651846936413033	0.45927153633822	1.84935705664181
GF16_c5_d68_stool	2	0.635939163808162	0.443891519928	1.79821030578518
GF16_c6_d105_stool	2	0.130625282452959	0.0559837154584801	1.05930376030078
GF16_c7_d105_stool	1	0	0	1
GF16_inoc_200622	3	0.467060556196916	0.24837098992248	1.3304435919748
GF17_a1_d31_stool	2	0.0646876323440587	0.0235730074611202	1.02414210959063
GF17_a2_d31_stool	2	0.168179570070349	0.0769363330183799	1.08334889105749
GF17_a3_d31_stool	2	0.0781075425950955	0.0296543662111199	1.03056062209022
GF17_a4_d31_stool	2	0.010429073308672	0.00274462314872026	1.00275217683698
GF17_a5_d31_stool	2	0.0232936876181146	0.00697808179661985	1.00702711759801
GF17_a6_d31_stool	2	0.0883553654546416	0.03448920544542	1.03572120129566
GF17_a7_d31_stool	1	0	0	1
GF17_b2_d31_stool	2	0.0224820380405849	0.00669384498552006	1.00673895450232
GF17_b3_d31_stool	1	0	0	1
GF17_b6_d31_stool	2	0.0066595405253858	0.00164224928952006	1.00164495070865
GF17_inoc_200903	3	0.693472806300795	0.45547007533417	1.83644636355603
GF18_a1_d32_stool	2	0.101425582668536	0.0408786603999798	1.04262094764467
GF18_a1_d33_stool	2	0.691236058496269	0.49809009570942	1.99238945366787
GF18_a1_d35_colon	1	0	0	1
GF18_a2_d33_stool	2	0.00827672969314218	0.0021051794326199	1.00210962056244
GF18_a2_d35_colon	2	0.325028259054718	0.17996015875998	1.21945294571036
GF18_a2_d54_colon	2	0.617945255072894	0.426702984312	1.74429653850531
GF18_a3_d35_colon	2	0.622338048880099	0.43087866195	1.7570945475816
GF18_a3_d54_colon	2	0.569532183556526	0.381569342072	1.61699616146201
GF18_a4_d32_stool	2	0.085593105609068	0.0331704196959202	1.03430844522308
GF18_a4_d33_stool	2	0.692987789433255	0.499840617342	1.99936267252589
GF18_a4_d35_colon	1	0	0	1
GF18_a4_d54_colon	3	0.0988213878712711	0.0347356418918398	1.03598562569939
GF18_a5_d54_colon	2	0.464016590325142	0.28899328991232	1.40645648741723
GF18_adam_d33_stoolsoln	3	0.0155573084696549	0.00396597326576553	1.00398176483867
GF18_b1_d35_colon	0	0	1	Inf
GF18_b3_d32_stool	2	0.0112178461230046	0.00298493174381997	1.00299386823615
GF18_b3_d33_stool	2	0.370143315721579	0.2136594214755	1.27171358990072
GF18_b3_d35_colon	1	0	0	1
GF18_b4_d32_stool	2	0.0904772691611761	0.0355098897847799	1.03681726687364
GF18_b4_d35_colon	2	0.0223179557694201	0.00663663019127991	1.00668096931394
GF18_bdam_d33_stoolsoln	2	0.308532440769156	0.16806482032512	1.20201672489773
GF18_d0_innoculum	2	0.57231716725789	0.384121243128	1.62369620455643
GF2_A_dam_d33	2	0.457624860323884	0.28364852751872	1.39596278979678
GF2_A_dam_day19	3	0.704359615439755	0.42132229649046	1.72807763965199
GF2_A_dam_day29	2	0.693045175047023	0.4998979979555	1.99959207504036
GF2_A_day1_dad	2	0.519126008923235	0.33633557678622	1.50678560583001
GF2_A_day1_mom	2	0.68648280393612	0.49335044122238	1.97375085534995
GF2_A0	0	0	1	Inf
GF2_A1_d37	3	0.777070436023268	0.49501672766216	1.98026361421926
GF2_A1_d39	3	0.589737752000337	0.38828186360858	1.63473982625248
GF2_A1_day28	2	0.0102634707962093	0.0026945598583803	1.00270184012833
GF2_A1_day29	3	0.167021341304129	0.0669259309292601	1.07172627891793
GF2_A1_day30	1	0	0	1
GF2_A1_day31	3	0.867486747740522	0.506651764907768	2.02696579995477
GF2_A1_day32	3	0.347731435672957	0.167733763064731	1.20153858900055
GF2_A1_day41	3	0.881787523166462	0.54148356795526	2.18094691948232
GF2_A1_day42	3	0.659252098867522	0.41225680738318	1.70142336408471
GF2_A1_day44	3	0.208429881538415	0.0858157365642265	1.0938713780105
GF2_A1_Liver	0	0	1	Inf
GF2_A1_Spleen	0	0	1	Inf
GF2_A2_Colon	3	0.794868544767454	0.449191766844709	1.8155138935951
GF2_A2_d36	3	0.439675213506083	0.23221080205472	1.30244082969147
GF2_A2_D37	3	0.438163151237951	0.22465256578754	1.28974438538734
GF2_A2_d39	3	0.402111713530942	0.23305101070712	1.30386768085058
GF2_A2_day28	1	0	0	1
GF2_A2_day29	3	0.0361176962503127	0.0104798869880973	1.01059087819468
GF2_A2_day30	3	0.955616853412984	0.58805402743914	2.42750279553288
GF2_A2_day31	3	0.132729198141332	0.0518218319535799	1.05465410795141
GF2_A2_day32	3	0.891018695856145	0.559651221550719	2.27092715806223
GF2_A2_day34	3	0.799549013507399	0.49397020615862	1.97616822600264
GF2_A2_day41	3	0.672809447472549	0.43070737226374	1.75656587013327
GF2_A2_day42	3	0.718115002128044	0.44193438650318	1.79190399088386
GF2_A2_day44	3	1.03533256844745	0.62264737493602	2.65004119112846
GF2_A2_Liver	0	0	1	Inf
GF2_A2_Spleen	0	0	1	Inf
GF2_A25_N713	3	0.34742854055941	0.15878860502242	1.18876183319729
GF2_A3_Colon	3	1.07459132936401	0.65036277177042	2.8601073320012
GF2_A3_d37	3	0.673587357120638	0.36801301303176	1.58231106117736
GF2_A3_d39	3	0.962189324383219	0.57732376987354	2.36587706789381
GF2_A3_day28	1	0	0	1
GF2_A3_day30	3	0.999976110267073	0.609814894167853	2.56288614058525
GF2_A3_day32	3	0.845277735771967	0.50579151125894	2.02343752238531
GF2_A3_day41	3	0.98225356665483	0.59933425680782	2.4958460187607
GF2_A3_day42	3	0.260766101123491	0.11881775601816	1.13483902658008
GF2_A3_Liver	0	0	1	Inf
GF2_A3_Spleen	0	0	1	Inf
GF2_A4_Colon	3	0.498142790972496	0.2638165482875	1.35835707482125
GF2_A4_d36	3	0.825973884981939	0.52744964130102	2.11617657587477
GF2_A4_d37	3	0.491473817586003	0.29511642334506	1.41867399542141
GF2_A4_D39	3	0.573401263125767	0.3658117624705	1.57681890142827
GF2_A4_day28	2	0.0126759698735404	0.00343687356407996	1.00344872640068
GF2_A4_day29	3	0.158383046235018	0.0629708973234999	1.06720271242764
GF2_A4_day30	3	0.941292496155962	0.57542119998806	2.35527539286436
GF2_A4_day31	2	0.0896824269731136	0.0351267823155199	1.03640559367978
GF2_A4_day32	3	0.929225453717452	0.57396247378528	2.34721107524225
GF2_A4_day41	3	0.830558796558629	0.53659131375304	2.15792243364873
GF2_A4_day42	3	0.730174355951572	0.40289032835474	1.67473421966961
GF2_A4_day44	3	0.464098643285073	0.23547476010658	1.30800128997626
GF2_A4_Liver	0	0	1	Inf
GF2_A4_Spleen	0	0	1	Inf
GF2_A5_Colon	3	0.379910591720961	0.17737586380744	1.21562200281213
GF2_A5_d39	3	0.987464025680331	0.60215766962848	2.5135585724781
GF2_A5_day28	1	0	0	1
GF2_A5_day31	3	0.536946295988958	0.32562699724094	1.48285888656382
GF2_A5_day32	3	0.355880786196827	0.18708454200042	1.2301402195756
GF2_A5_day42	3	1.05872058172355	0.63891709368754	2.76944707854616
GF2_A5_Liver	0	0	1	Inf
GF2_A5_Spleen	0	0	1	Inf
GF2_A6_Colon	2	0.534158810234581	0.349635300728	1.53759882896377
GF2_A6_d33	3	0.815843370443084	0.51591450006578	2.06575078190916
GF2_A6_d36	3	0.803361873139868	0.52530532342918	2.10661726232948
GF2_A6_d37	3	0.451542529393543	0.22244307818714	1.28607947784519
GF2_A6_D39	3	0.472787955001251	0.28537092308806	1.39932733260898
GF2_A6_day28	2	0.0445810158049457	0.0150541476856798	1.01528423887497
GF2_A6_day29	3	0.172375315454095	0.0669352783615802	1.07173701546024
GF2_A6_day30	3	0.969396684500067	0.589469341555342	2.4358716686072
GF2_A6_day31	3	1.03316739838945	0.62759715685614	2.68526413911856
GF2_A6_day32	2	0.335852492478731	0.18789122123232	1.23136213539944
GF2_A6_day44	3	0.772217448743864	0.43206801833966	1.76077423404915
GF2_A6_Liver	0	0	1	Inf
GF2_A6_Spleen	0	0	1	Inf
GF2_B_dam_d33	3	0.794544793204095	0.52456652433464	2.10334368777991
GF2_B_dam_day19	3	0.7396250169078	0.50475065766002	2.01918491254354
GF2_B_dam_day37	3	0.710015751102294	0.48232682095726	1.93172070812932
GF2_B_day1_dad	2	0.434042187926739	0.26419655845752	1.35905860660787
GF2_B_day1_mom	2	0.626039044222134	0.434407028792	1.76805591813524
GF2_B_Sire_day23	3	0.749111771504982	0.50319132246074	2.01284728953024
GF2_B0	0	0	1	Inf
GF2_B1_d34	3	0.838858644208529	0.53689943269438	2.15935818394292
GF2_B1_d35	3	0.463499591672568	0.23562521532814	1.30825874957308
GF2_B1_day29	3	1.0681096058063	0.64667577388258	2.83026162963326
GF2_B1_day32	3	0.863967454996282	0.545019863591087	2.19789814978044
GF2_B1_day37	3	0.772787838323064	0.51771593457534	2.07346680450552
GF2_B1_day41	3	0.930658517773871	0.57597231303622	2.35833656797373
GF2_B1_day44	3	0.942087553387963	0.55525046130258	2.24845651988486
GF2_B1_Liver	0	0	1	Inf
GF2_B1_Spleen	0	0	1	Inf
GF2_B2_d35	3	0.816817706051658	0.5177090752365	2.07343731481236
GF2_B2_day27	3	0.224416062735392	0.09456995778574	1.10444755903445
GF2_B2_day28	3	0.252542630377896	0.11141042134726	1.12537894211654
GF2_B2_day29	3	0.724503195044789	0.464177135282228	1.8662884058274
GF2_B2_day30	3	0.603781666028601	0.355491162081509	1.55156910373736
GF2_B2_day31	3	0.161048199359379	0.0645859210586199	1.06904527365219
GF2_B2_day37	3	0.807569940283983	0.528776303404535	2.12213436468684
GF2_B2_day41	3	1.01293105635813	0.60656841924674	2.54173800203179
GF2_B2_day44	3	1.01456949835461	0.617032466515887	2.61118740511063
GF2_B2_Liver	0	0	1	Inf
GF2_B2_Spleen	0	0	1	Inf
GF2_B3_COLON	0	0	1	Inf
GF2_B3_d35	3	0.338937409465042	0.175022064980945	1.21215363169307
GF2_B3_day27	3	0.228807734387186	0.09747675371514	1.10800470139289
GF2_B3_day28	3	0.490716061393244	0.280610387024915	1.39006733203226
GF2_B3_day31	3	0.287550103836286	0.13574388439822	1.15706441869225
GF2_B3_day37	3	0.776046038570618	0.51820378399134	2.07556632196967
GF2_B3_day41	3	0.868233366118349	0.54367442336488	2.19141781921114
GF2_B3_day44	3	0.707356883037262	0.46190417770342	1.85840506200554
GF2_B3_Liver	0	0	1	Inf
GF2_B3_Spleen	0	0	1	Inf
GF2_B4_d35	2	0.256674693076497	0.13222287004542	1.15236961828245
GF2_B4_day27	3	0.208318355391969	0.0850602142229601	1.09296810079225
GF2_B4_day28	3	0.90371210127195	0.56460062889082	2.29674194855289
GF2_B4_day29	3	0.752729337114195	0.47967696994998	1.92188302698012
GF2_B4_day32	3	0.697211177751228	0.42904020985898	1.75143682141436
GF2_B4_day37	3	0.709040151032238	0.48466012785574	1.94046696957318
GF2_B4_day41	2	0.00210055691602207	0.000446500274219774	1.00044669972577
GF2_B5_d34	3	0.78944366695568	0.52302061912238	2.09652668457082
GF2_B5_d35	3	0.783592719915099	0.50315044249062	2.0126816757427
GF2_B5_day27	3	0.924973971758717	0.573459695644575	2.34444433454224
GF2_B5_day28	3	0.57756202292704	0.34410846556486	1.52464233413412
GF2_B5_day29	3	0.890199369323116	0.55829565484082	2.26395780562137
GF2_B5_day30	3	0.405154381078243	0.22432258064296	1.28919570822224
GF2_B5_day31	3	0.237935745269181	0.11397079705134	1.12863097138565
GF2_B5_day37	3	0.808973056169429	0.52281929541834	2.09564215484507
GF2_B5_day41	3	1.03551399545368	0.62252863078264	2.64920754671639
GF2_B5_day44	3	0.822272232076301	0.52847490112258	2.12077788092456
GF2_B5_Spleen	0	0	1	Inf
GF2_colon_A1_day45	3	0.478901457938743	0.23810613383672	1.31251876988558
GF2_colon_B1_day44	3	0.606814303711985	0.3204725304415	1.47161085430397
GF2_colon_B2_day44	3	0.658569635082631	0.35496096692315	1.55029377870356
GF2_colon_B3_day44	3	1.06357224292281	0.64413729115222	2.81007246653582
GF2_colon_B5_day44	3	0.680656434370694	0.368949455599447	1.58465911942112
GF2_Inoc	3	0.784087534418344	0.46096674310878	1.8551731033579
GF20_d0_inoc	3	0.565937461562531	0.34117567190998	1.51785530279228
GF20_d123_b10	0	0	1	Inf
GF20_d127_a1	1	0	0	1
GF20_d127_a2	1	0	0	1
GF20_d127_a3	1	0	0	1
GF20_d127_a4	0	0	1	Inf
GF20_d127_a5	1	0	0	1
GF20_d127_a6	1	0	0	1
GF20_d127_a7	1	0	0	1
GF20_d127_a8	0	0	1	Inf
GF20_d127_a9	1	0	0	1
GF20_d127_b1	0	0	1	Inf
GF20_d127_b2	0	0	1	Inf
GF20_d127_b5	0	0	1	Inf
GF20_d127_b6	0	0	1	Inf
GF20_d127_b8	0	0	1	Inf
GF20_d140_c1	0	0	1	Inf
GF20_d140_c3	0	0	1	Inf
GF20_d140_c5	0	0	1	Inf
GF20_d140_c6	0	0	1	Inf
GF20_d140_c7	0	0	1	Inf
GF20_d140_c8	1	0	0	1
GF20_d140_c9	0	0	1	Inf
GF20_d161_b2	3	0.0128407911997004	0.00324154900647999	1.00325209081824
GF20_d161_b4	3	0.121431626988851	0.043472562913392	1.04544831776682
GF20_d161_b6	1	0	0	1
GF20_d161_b8	3	0.0300240614229873	0.00872009865213963	1.00879680768296
GF20_d164_b1	2	0.0842793264254443	0.0325471671064801	1.0336421229024
GF20_d164_b2	1	0	0	1
GF20_d164_b3	1	0	0	1
GF20_d164_b4	1	0	0	1
GF20_d164_b5	1	0	0	1
GF20_d164_b6	1	0	0	1
GF20_d164_b7	1	0	0	1
GF20_d164_b8	1	0	0	1
GF20_d164_b9	1	0	0	1
GF20_d167_damb	2	0.0630159610749715	0.0228365164542199	1.02337021065437
GF20_d170_c1	1	0	0	1
GF20_d170_c2	1	0	0	1
GF20_d170_c5	1	0	0	1
GF20_d170_c6	1	0	0	1
GF20_d170_c7	1	0	0	1
GF20_d170_c8	1	0	0	1
GF20_d170_c9	1	0	0	1
GF20_d33_a3	3	0.333299338512638	0.16173682297206	1.19294277430329
GF20_d33_a4	3	0.212279216112209	0.0873512201040751	1.095711759034
GF20_d33_a5	3	0.19712654716252	0.0786284609818599	1.08533849554942
GF20_d33_b2	3	0.40348333069407	0.235016500294458	1.30721773787921
GF20_d33_b3	2	0.0329880244662033	0.0105173037208801	1.01062909312152
GF20_d33_b4	3	0.305096488509162	0.15293696855352	1.18054969096262
GF20_d34_a2	1	0	0	1
GF20_d34_a4	3	0.19113374131551	0.07715610623842	1.08360688818553
GF20_d34_b3	3	0.115039069487167	0.0407602666875329	1.0424922626451
GF20_d35_a2	2	0.0192372291412122	0.00557835358200021	1.00560964617182
GF20_d35_a3	1	0	0	1
GF20_d35_b5	0	0	1	Inf
GF20_d36_a1	1	0	0	1
GF20_d36_a2	1	0	0	1
GF20_d36_a3	1	0	0	1
GF20_d36_a4	1	0	0	1
GF20_d36_a5	1	0	0	1
GF20_d36_b1	0	0	1	Inf
GF20_d36_b3	0	0	1	Inf
GF20_d36_b4	0	0	1	Inf
GF20_d36_b5	1	0	0	1
GF20_d39_dama	3	0.80600185241077	0.511734111379693	2.04806443232334
GF20_d39_damc	3	0.785949089648452	0.515498561718187	2.06397736102972
GF20_d40_c1	0	0	1	Inf
GF20_d40_c2	0	0	1	Inf
GF20_d40_c3	1	0	0	1
GF20_d40_c4	0	0	1	Inf
GF20_d40_c5	2	0.580752670577521	0.39188405897262	1.64442326295632
GF20_d40_c6	1	0	0	1
GF20_d66_c1	2	0.508368534266535	0.32691884397432	1.48570494218657
GF20_d66_c10	2	0.687558759184032	0.494421996558	1.97793415297333
GF20_d66_c2	2	0.426677325095669	0.25820886367968	1.34808836481996
GF20_d66_c3	2	0.603879600260053	0.4134220728	1.70480332387113
GF20_d66_c4	2	0.674059024329242	0.48103360901022	1.92690705479556
GF20_d66_c5	2	0.433335627996306	0.2636203096875	1.35799508481233
GF20_d66_c6	3	0.52408665387856	0.33077591028306	1.49426778767478
GF20_d66_c7	2	0.692076397386423	0.49892959907328	1.99572754277746
GF20_d66_c8	2	0.530511876611475	0.34639382464862	1.52997330458574
GF20_d66_c9	2	0.692397474656849	0.49925048146862	1.99700641337179
GF20_d68_b2	1	0	0	1
GF20_d68_b3	3	0.126594130866111	0.0457342919506979	1.04792616098947
GF20_d68_b4	1	0	0	1
GF20_d68_b5	1	0	0	1
GF20_d68_b6	1	0	0	1
GF20_d68_b7	1	0	0	1
GF20_d68_b8	1	0	0	1
GF20_d75_dama	3	0.784883233225267	0.50808474656902	2.03287048536361
GF20_d75_damc	3	0.688255765049591	0.41669898408926	1.71438069319774
GF20_d81_a1	2	0.51384959696543	0.33170625894272	1.49634799574502
GF20_d81_a2	2	0.441712953179695	0.2704772270795	1.37075912791139
GF20_d81_a3	1	0	0	1
GF20_d81_a4	2	0.335835131729363	0.18787842189582	1.23134272867666
GF20_d81_a5	2	0.680101076943368	0.48701072945102	1.94935850983753
GF20_d81_a6	2	0.543313422196486	0.3578142198875	1.55718178596981
GF20_d81_a7	3	0.650032195143817	0.45558008460414	1.8368174486653
GF20_d89_b2	2	0.684995888989433	0.49187088046958	1.96800372496686
GF20_d89_b3	1	0	0	1
GF20_d89_b4	0	0	1	Inf
GF20_d89_b5	1	0	0	1
GF20_d89_b6	2	0.0724725844387818	0.02706507929472	1.02781797499374
GF20_d89_b7	0	0	1	Inf
GF23_d0__inoc	3	0.856255608423406	0.540606558328226	2.17678336103561
GF23_d0_dama	0	0	1	Inf
GF23_d0_damb	0	0	1	Inf
GF23_d0_damc	0	0	1	Inf
GF23_d10_dama	3	0.868344876258056	0.53923270649856	2.1702929311689
GF23_d10_damb	3	0.916400909810605	0.548698284040851	2.2158125365748
GF23_d10_damc	0	0	1	Inf
GF23_d17_dama	3	0.662099482213497	0.36197741107198	1.56734262603486
GF23_d17_damb	3	0.690056077841698	0.381550264704049	1.61694628185339
GF23_d17_damc	3	0.689832939533162	0.38108473917838	1.6157300737301
GF23_d19_dama	0	0	1	Inf
GF23_d32_dama	0	0	1	Inf
GF23_d32_damb	3	0.584203587203157	0.31804687496446	1.46637644625191
GF23_d32_damc	0	0	1	Inf
GF23_d35_c1	0	0	1	Inf
GF23_d36_c1	1	0	0	1
GF23_d36_c2	1	0	0	1
GF23_d36_c3	1	0	0	1
GF23_d36_c4	2	0.230972823452752	0.1153697221875	1.13041575116871
GF23_d39_damb	3	0.475567745623537	0.23917132714286	1.31435635337546
GF23_d47_dama	0	0	1	Inf
GF23_d47_damb	3	0.622612854618424	0.33339326469686	1.50013485769124
GF23_d47_damc	0	0	1	Inf
GF23_d52_a1	0	0	1	Inf
GF23_d52_a2	2	0.029948770510652	0.00938058468749992	1.0094694133211
GF23_d52_a5	2	0.05516215536777	0.0194426255334199	1.01982813656773
GF23_d52_a6	0	0	1	Inf
GF23_d52_a8	2	0.00567428105139069	0.00136866209791986	1.0013705379012
GF23_d52_a9	2	0.0374674797188665	0.01223403441198	1.0123855597765
GF23_d54_damc	3	0.473428032774259	0.23293804862362	1.30367566557779
GF23_d56_c2	1	0	0	1
GF23_d56_c3	1	0	0	1
GF23_d56_c6	2	0.0116508624611242	0.0031181234355	1.00312787654064
GF23_d57_c2	2	0.0876751438761654	0.03416340004158	1.03537182173781
GF23_d57_c4	1	0	0	1
GF23_d57_c5	0	0	1	Inf
GF23_d58_c3	1	0	0	1
GF23_d59_c1	2	0.257392834556662	0.1327026513875	1.15300709912211
GF23_d59_c2	1	0	0	1
GF23_d59_c4	1	0	0	1
GF23_d59_c6	1	0	0	1
GF23_d62_dama	3	0.415476703957356	0.19807248679042	1.24699549962773
GF23_d62_damb	3	0.543437127118944	0.27766945276488	1.38440773940369
GF23_d62_damc	3	0.634063072981016	0.33726919466966	1.50890828064277
GF23_d7_damb	3	0.827948428109465	0.507659506148576	2.03111467061609
GF23_d7_damc	3	0.713481041993223	0.39397793319072	1.6501049297842
GF23_d77_damb	3	0.639474713371418	0.34280361323278	1.52161518251652
GF23_d80_c3	1	0	0	1
GF23_d80_c5	0	0	1	Inf
GF23_d80_c7	1	0	0	1
GF23_d82_c2	0	0	1	Inf
GF23_d82_c6	0	0	1	Inf
GF23_d83_c4	0	0	1	Inf
GF23_d83_c5	0	0	1	Inf
GF23_d84_c1	1	0	0	1
GF23_d84_c2	1	0	0	1
GF23_d84_c3	1	0	0	1
GF23_d84_c4	1	0	0	1
GF23_d84_c5	1	0	0	1
GF23_d84_c9	1	0	0	1
GF23_d89_damb	3	0.565160058951592	0.29397391333074	1.41637825978582
GF23_d89_damc	3	0.403147122128343	0.20102723518658	1.25160711858999
GF3_AB_Sire_day4	3	0.846806888193616	0.53827889043894	2.16580957485496
GF3_B_Sire_day19	3	0.946437596373701	0.5832325246645	2.39941948251839
GF3_B_Sire_day30	3	0.91623031790537	0.55448262921624	2.244581391385
GF3_C_dam_day19	3	0.688450684739149	0.44980634144282	1.81754184994132
GF3_C_dam_day4	3	0.895568733840798	0.53203264338334	2.1369011873603
GF3_C_Sire_day19	3	0.94880379953853	0.567880316260291	2.31417368296131
GF3_C_Sire_day30	3	0.859270718429296	0.54708004129638	2.20789563538395
GF3_C_Sire_day4	3	0.870892820072547	0.55147812169182	2.22954564395385
GF3_C1_day30	3	0.995181905763527	0.59416321995026	2.46404478144499
GF3_C1_day32	3	0.992173590221944	0.59449019754718	2.46603163216097
GF3_C1_day34	3	0.93417206395909	0.56580688462984	2.30312265349366
GF3_C2_day30	2	0.0120219386935264	0.00323295703038018	1.00324344294204
GF3_C2_day32	3	0.684049649309331	0.37122063351446	1.59038297581127
GF3_C2_day35	3	0.688450684739149	0.44980634144282	1.81754184994132
GF3_C2_day38	3	0.325917363751567	0.14672607437602	1.17195658975366
GF3_C2_day39	3	0.703309264625999	0.409619934107183	1.69382412749273
GF3_C2_day40	3	0.371108072547647	0.19126124080118	1.23649322927301
GF3_C2_day41	2	0.482427817944062	0.30455985415118	1.43793826969746
GF3_C2_day42	3	0.970356791598319	0.57706164818846	2.36441078402272
GF3_C2_day45	3	0.966028755060542	0.590365133225501	2.44119844551829
GF3_C3_day30	3	1.03192850422535	0.61966836809786	2.62928433009564
GF3_C3_day32	2	0.0646575961481383	0.023559731832	1.02412818540985
GF3_C3_day34	4	0.823994433881003	0.494180283565618	1.97698896960599
GF3_C3_day35	3	0.708103325048873	0.44774727159834	1.81076515981047
GF3_C3_day39	1	0	0	1
GF3_C3_day40	3	0.180210836577336	0.075708478102095	1.0819097398477
GF3_C3_day41	1	0	0	1
GF3_C3_day42	3	0.949033965905551	0.55922034269926	2.26870724053789
GF3_C3_day45	3	0.897283299258205	0.56208002883066	2.28352225483069
GF3_C4_day30	3	0.9027455123946	0.52546553429376	2.10732849196047
GF3_C4_day32	2	0.17518602130167	0.0810214199999999	1.08816464470804
GF3_C4_day34	3	0.959424684101156	0.58847128833954	2.42996411104621
GF3_C4_day38	3	0.0614340040069024	0.01967961524142	1.02007467716411
GF3_C4_day39	3	0.207034532239771	0.0845055083873808	1.0923058621997
GF3_C4_day40	1	0	0	1
GF3_C4_day41	2	0.401091927136774	0.23773473483648	1.31187927051285
GF3_C4_day42	3	0.958594016643269	0.58256154787062	2.395562734815
GF3_C4_day45	3	0.89202775199557	0.545697382789398	2.20117596094858
GF3_C5_day30	3	0.0328024422699254	0.00945072034198013	1.00954088861207
GF3_C5_day39	3	0.460086414004308	0.247040672194983	1.32809298334233
GF3_C5_day41	2	0.0266898359851713	0.00818859606911992	1.00825620277874
GF3_C5_day42	3	0.947804513919032	0.5842633939815	2.40536913402208
GF3_C5_day45	3	0.853821635766045	0.53315345586574	2.1420314931418
GF3_C6_day30	3	0.192701525211898	0.07804338270014	1.08464973431039
GF3_C6_day35	1	0	0	1
GF3_C6_day38	1	0	0	1
GF3_C6_day39	3	0.408940947606659	0.205016665984345	1.25788800495824
GF3_C6_day41	3	0.681827430470341	0.36911766819206	1.5850816381785
GF3_C6_day42	3	0.851398452998261	0.53185858076818	2.13610665264551
GF3_C6_day45	3	0.923107066988663	0.56949126363558	2.32283323317628
GF3_C7_day40	2	0.470716369622961	0.29462859398958	1.41769285156596
GF3_C7_day41	3	0.880699622927919	0.54868258540426	2.21573546169437
GF3_C7_day42	3	0.734540673454515	0.40600951463354	1.68352865009791
GF3_C7_day45	3	0.954352442148542	0.58666994919448	2.41937405240956
GF3_C8_day30	3	0.836786799701288	0.48654556897038	1.94759250201565
GF3_C8_day32	3	0.283705096907824	0.14839381373194	1.1742516859609
GF3_C8_day34	3	0.870892820072547	0.55147812169182	2.22954564395385
GF3_C8_day39	3	0.258249360675657	0.11392007851594	1.1285663694141
GF3_C8_day40	1	0	0	1
GF3_C8_day41	3	0.839937367280631	0.511685691830037	2.0478613533723
GF3_C8_day42	3	0.888653475581382	0.55866651079542	2.26586022692796
GF3_C8_day45	3	0.859139523243965	0.546532441030926	2.20522941547005
GF3_C9_day30	3	0.844597337497885	0.48358376549066	1.9364224692706
GF3_C9_day32	3	0.92115723806485	0.540719288522457	2.17731765129635
GF3_C9_day34	3	0.815172485211055	0.530862671412609	2.13157201327611
GF3_C9_day38	3	0.244036036754887	0.10235587417418	1.11402723109229
GF3_C9_day39	3	0.532347148152064	0.28210253451797	1.39295658235616
GF3_C9_day40	2	0.679393284359412	0.48630927694622	1.94669663110756
GF3_C9_day41	3	0.845336478732952	0.48401110171138	1.93802619265007
GF3_C9_day42	3	0.92774444918593	0.57429552534066	2.34904742497768
GF3_C9_day45	3	0.857788384843906	0.52230110689288	2.09336888661318
GF3_inoc	3	0.984711796261153	0.59029169742242	2.44076088697433
GF4_A0	0	0	1	Inf
GF4_B0	0	0	1	Inf
GF4_B1_D35	2	0.473374702637315	0.29687387770368	1.42221995213907
GF4_B1_D36	3	0.410704030410672	0.22769616548394	1.29482718498558
GF4_B1_d37	1	0	0	1
GF4_B2_d35	3	0.505185254625963	0.29201670916454	1.41246271337837
GF4_B2_d36	1	0	0	1
GF4_B2_d37	0	0	1	Inf
GF4_B3_d35	2	0.422570988710675	0.25488854732768	1.34208110265052
GF4_B3_d36	3	0.69740198900841	0.40964414586504	1.69389359484761
GF4_B3_d37	1	0	0	1
GF4_B3_d38	0	0	1	Inf
GF4_B3_d42	3	0.865876072040767	0.54475132829032	2.19660168638057
GF4_B3_d43	3	0.818661474799801	0.53034419747798	2.12921887610047
GF4_B3_d44	3	0.664027377103213	0.40089383875112	1.66915325643694
GF4_B3_d46	3	0.672687956611016	0.369915223224132	1.58708801872183
GF4_B3_LI	3	0.386811464575133	0.181089319850022	1.22113439748625
GF4_B3_MLN	0	0	1	Inf
GF4_B3_SI	2	0.146880320966113	0.0648525265919999	1.06935005273089
GF4_B4_d35	2	0.337724419663955	0.18927279317678	1.23346051740194
GF4_B4_d37	0	0	1	Inf
GF4_B4_d38	1	0	0	1
GF4_B5_d35	3	0.588524733802158	0.34555632613962	1.5280153815244
GF4_Bdam_d10	3	0.764629244953778	0.49963721355694	1.99854990637638
GF4_Bsire_d10	3	0.839792630411063	0.53082769743224	2.13141311737083
GF4_Bsire_d2	3	0.767856786550808	0.450824584176972	1.82091180921007
GF4_C0	0	0	1	Inf
GF4_C1_d36	2	0.157366091962844	0.0707375385087798	1.07612223826976
GF4_C1_D37	2	0.690858850704624	0.49771341616248	1.99089530196068
GF4_C1_d39	3	0.665547776528113	0.46631673262536	1.87377056979755
GF4_C1_d41	0	0	1	Inf
GF4_C1_d43	2	0.5447218900897	0.35907790395	1.56025202776281
GF4_C1_d46	2	0.458286623782747	0.284200465278	1.39703918693993
GF4_C1_LI	3	0.869921943469387	0.53369056593138	2.14449875327387
GF4_C1_MLN	0	0	1	Inf
GF4_C1_SI	3	0.729020884852606	0.41152224548446	1.69929957815184
GF4_C2_d35	2	0.484214584770805	0.30608399478272	1.44109660604655
GF4_C2_D36	2	0.677834308698648	0.484765450542	1.94086363395457
GF4_C2_d37	2	0.687535729592649	0.4943990530395	1.97784439687397
GF4_C2_d38	2	0.647421873949751	0.4549759968	1.83478157682726
GF4_C2_d39	2	0.615673408675275	0.424548637278	1.73776632532383
GF4_C2_d43	3	0.421221706941771	0.21839354548794	1.27941625126967
GF4_C2_d45	3	0.431550486213065	0.21913985475342	1.28063905692641
GF4_C2_d46	3	0.796760415073152	0.44990690467386	1.81787411712034
GF4_C2_LI	3	0.11490388141163	0.0413322404739114	1.04311424898063
GF4_C2_MLN	0	0	1	Inf
GF4_C2_SI	2	0.0145811340568419	0.00404140036991985	1.00405779956257
GF4_C3_d35	3	0.713317823907819	0.48037560172222	1.92446698675881
GF4_C3_d36	3	0.625847211120694	0.41727844406186	1.71608547823509
GF4_C3_d38	2	0.549980206345421	0.36380821177278	1.57185304574042
GF4_C3_d41	0	0	1	Inf
GF4_C3_d42	3	0.433390803560722	0.2339469272375	1.30539258382432
GF4_C3_d43	3	0.678940086068739	0.36728217559962	1.58048337099984
GF4_C3_d44	3	0.674667471653385	0.37080162980646	1.5893238879376
GF4_C3_d45	3	0.821816990542387	0.47130939565742	1.89146542757931
GF4_C3_d46	3	0.55893051394757	0.29348895106914	1.41540603153095
GF4_C3_LI	3	0.598830280175174	0.324175912662779	1.47967499048465
GF4_C3_MLN	0	0	1	Inf
GF4_C3_SI	3	0.0917486071507053	0.0325128364433268	1.03360544477283
GF4_C4_d35	3	0.57999048372523	0.3233919081995	1.47796045024962
GF4_C4_d36	3	0.387120174113396	0.19028324885418	1.23499976823366
GF4_C4_d37	2	0.644407986647376	0.45205794330872	1.82501048749287
GF4_C4_d38	0	0	1	Inf
GF4_C4_D39	3	0.434571840428192	0.24781935603746	1.32946787188238
GF4_C5_d43	3	0.395417001966948	0.22962515185962	1.29806937806175
GF4_C5_d45	3	0.787014910208239	0.44453266044354	1.80028586522927
GF4_C5_d46	3	0.570181953301617	0.29601738601114	1.42048962592111
GF4_C5_LI	3	0.419863004030188	0.20800077301624	1.26262749498934
GF4_C5_MLN	0	0	1	Inf
GF4_C5_SI	1	0	0	1
GF4_Cdam_d16	3	0.728043549373969	0.42779818681226	1.74763514716773
GF4_Csire_d16	3	0.789279287211816	0.503662282571139	2.01475722050748
GF4_Csire_d2	3	0.908198008950038	0.56128476572074	2.27938289319459
GF4_EMPTY	0	0	1	Inf
GF4_INOC_GF45	3	0.830773763858163	0.49934347350102	1.99737733769868
GF4_W1	0	0	1	Inf
GF4_W2	0	0	1	Inf
GF4_W3	0	0	1	Inf
GF4_W4	0	0	1	Inf
GF4_W5	0	0	1	Inf
GF5_A_DAM_D0	1	0	0	1
GF5_A_DAM_D24	3	0.846831111763335	0.53300034891096	2.14132922298337
GF5_A1_COLON_190628	0	0	1	Inf
GF5_A1_COLON_190815	3	0.719593531762019	0.45252507736264	1.82656768127878
GF5_A1_D46	3	0.371865557885771	0.1885775527835	1.23240366769541
GF5_A1_D47	3	0.734487598195524	0.50345126765314	2.01390102291402
GF5_A1_D48	1	0	0	1
GF5_A1_D79	3	0.396119387307633	0.18902232191954	1.2330795619023
GF5_A1_D80	3	0.0390441168141802	0.0113371708742857	1.01146717621043
GF5_A1_D81	3	0.114709286135356	0.04294446946054	1.04487145007807
GF5_A1_D82	0	0	1	Inf
GF5_A1_D83	1	0	0	1
GF5_A1_D88	3	0.895378706245143	0.56121487831226	2.27901984496103
GF5_A2_COLON_190628	1	0	0	1
GF5_A2_D46	3	0.246931531812751	0.10736433916382	1.12027789598194
GF5_A2_D48	3	0.780326548988706	0.45647389147938	1.83983802125315
GF5_A2_D79	3	0.447942927792889	0.22376884331136	1.28827603914528
GF5_A2_D80	1	0	0	1
GF5_A3_COLON_190628	2	0.412969968068494	0.24717635925728	1.32833235552144
GF5_A3_D46	3	0.446099063588342	0.21642306583672	1.27619887263249
GF5_A3_D80	0	0	1	Inf
GF5_A4_COLON_190628	0	0	1	Inf
GF5_A4_D46	3	0.221012597161172	0.0921707418335199	1.10152871919955
GF5_A4_D48	1	0	0	1
GF5_A4_D79	0	0	1	Inf
GF5_A5_D46	3	0.145312265644397	0.0540617092045599	1.05715141223335
GF5_A5_D47	0	0	1	Inf
GF5_A5_D79	2	0.688728324941308	0.49558765698798	1.9825050156954
GF5_A5_D80	1	0	0	1
GF5_A6_COLON_190628	0	0	1	Inf
GF5_A6_D81	3	0.458329967193519	0.25002922994326	1.33338529970221
GF5_A6_D82	3	0.932887150409831	0.55673843332088	2.25600429897841
GF5_A7_COLON_190628	0	0	1	Inf
GF5_A7_COLON_190815	3	0.5039590934672	0.26757812529042	1.36533333387472
GF5_A7_D46	3	0.330333761773284	0.164223358894207	1.19649192238363
GF5_A7_D79	3	0.367976329057299	0.19822994852666	1.24724040036466
GF5_A7_D80	3	0.940358842876132	0.55393456860744	2.24182357480185
GF5_A7_D81	3	0.564871137675894	0.297679770672151	1.42385191005682
GF5_A7_D82	2	0.673004165191732	0.4799925993155	1.9230495540711
GF5_A7_D83	1	0	0	1
GF5_A7_D84	3	0.238434917630452	0.10514181307654	1.11749550332441
GF5_A7_D87	3	0.862028177468223	0.54665466598728	2.20582396017765
GF5_A8_COLON_190815	3	0.790293085260418	0.50122032648453	2.00489324865999
GF5_A8_D79	3	0.490693250769649	0.29775116698026	1.42399667038235
GF5_A8_D83	1	0	0	1
GF5_A8_D87	3	0.277288443472353	0.12098770091336	1.13764050973926
GF5_B_COLON_M1	1	0	0	1
GF5_B_COLON_M2	2	0.495108623767374	0.31542788937912	1.46076649119264
GF5_B_COLON_M3	0	0	1	Inf
GF5_B_COLON_M4	0	0	1	Inf
GF5_B_COLON_P1	1	0	0	1
GF5_B_DAM_D3	3	0.877843640503222	0.55357456584522	2.2400157416956
GF5_B1_COLON_190815	3	0.421260787993273	0.2013859847395	1.25216935952947
GF5_B1_D80	2	0.108387555680514	0.04437896595	1.0464399216517
GF5_B1_D82	3	0.815607582846672	0.483434895078036	1.93586440599984
GF5_B1_D83	2	0.635257640627651	0.44323645946558	1.79609462042024
GF5_B1_D84	2	0.65649899104757	0.463801743822	1.86498182058248
GF5_B2_D79	1	0	0	1
GF5_B2_D80	1	0	0	1
GF5_B3_COLON_190815	3	0.567331028361443	0.29376086867506	1.41595099399824
GF5_B3_D79	3	0.117933013188724	0.0468832319267399	1.04918938948217
GF5_B3_D81	2	0.271455979796292	0.14219343495168	1.16576398543146
GF5_B3_D82	2	0.692790217665334	0.49964307958158	1.99857333673682
GF5_B3_D83	2	0.632905021285657	0.44097762868152	1.78883717594602
GF5_B4_D79	3	0.692087065180083	0.47130814171128	1.89146094142024
GF5_B5_D79	3	0.606491194228874	0.3973492060665	1.65933573815278
GF5_B5_D80	2	0.660910479328364	0.46811121860958	1.88009229558458
GF5_B6_COLON_190815	3	0.762730913419338	0.43819013246442	1.77996161652798
GF5_B6_D79	2	0.417522716744243	0.25082449938798	1.33480072317244
GF5_B6_D84	3	0.252207424928143	0.12063043415414	1.13717831369125
GF5_B7_COLON_190815	3	0.723490421742651	0.39797799452054	1.66106884947434
GF5_B7_D79	3	0.133942202499045	0.054763501764299	1.05793629622482
GF5_B7_D80	3	0.448794322461408	0.275323021094093	1.37992516542994
GF5_B7_D82	2	0.362285386360279	0.20766925814072	1.26209920576022
GF5_B7_D84	0	0	1	Inf
GF5_C_DAM_D0	0	0	1	Inf
GF5_C_DAM_D24	3	0.71718746948588	0.439865604309996	1.78528583085519
GF5_C_DAM_D3	3	0.823347965615123	0.53204608331698	2.13696256051934
GF5_C1_COLON_190628	3	0.495208893485745	0.287095458387105	1.40271234313864
GF5_C1_COLON_190815	2	0.516374234442783	0.33391875335342	1.50131835273032
GF5_C1_D46	3	0.340005879385482	0.18986859597678	1.23436765323979
GF5_C1_D47	3	0.599193273803349	0.40176939680066	1.67159619493218
GF5_C1_D48	3	0.949863082442106	0.58504921576346	2.40992435245033
GF5_C2_COLON_190815	1	0	0	1
GF5_C2_D46	3	0.369649528181246	0.19426987423598	1.24111035199505
GF5_C3_COLON_190628	2	0.526486931872518	0.34282749102048	1.52167046907186
GF5_C3_COLON_190815	1	0	0	1
GF5_C3_D46	3	0.155820061924888	0.0588974815922958	1.06258349163909
GF5_C4_COLON_190628	2	0.673652408135673	0.48063224279022	1.92541794541182
GF5_C4_D46	3	0.47744449704787	0.27675216520734	1.3826519097519
GF5_C4_D47	2	0.230432755974522	0.1150223220795	1.12997200375695
GF5_C5_COLON_190628	2	0.593283669541017	0.40350784285998	1.67646797703873
GF5_C5_D47	3	0.184713785318407	0.07291717440346	1.07865227613999
GF5_C6_D46	3	0.130762472281003	0.0481456524349398	1.05058090301116
GF5_COLON_A1	1	0	0	1
GF5_COLON_A2	1	0	0	1
GF5_EMPTY	0	0	1	Inf
GF6_A1_COLON_D54	2	0.482017239005392	0.30420995845752	1.43721516591862
GF6_A1_COLON_D88	2	0.539676948443308	0.35455812381752	1.54932618551896
GF6_A1_D53	3	0.562962688743265	0.33813384965128	1.51087950255973
GF6_A1_D87	2	0.679414619714524	0.48633041628032	1.946776744612
GF6_A1_D88	0	0	1	Inf
GF6_A2_COLON_D105	3	0.56207922795465	0.351349901910897	1.5416632217369
GF6_A2_COLON_D54	3	0.622761694361392	0.42070037542346	1.72622242027342
GF6_A2_D51	2	0.399244184758758	0.23627596598078	1.30937348499738
GF6_A2_D52	1	0	0	1
GF6_A2_D87	3	0.803477183932655	0.45522497499394	1.83562012592056
GF6_A2_D93	3	0.653840333537203	0.40701429642006	1.6863812971592
GF6_A3_COLON_D54	2	0.453856533653147	0.28051189360608	1.38987704051427
GF6_A3_COLON_D88	2	0.229227699118687	0.11424817936608	1.12898441381053
GF6_A3_D51	3	0.583528808072377	0.307945830589243	1.44497359339868
GF6_A3_D52	3	0.604213353165222	0.38451156019234	1.62472588488014
GF6_A3_D53	3	0.733587468626433	0.472888120026979	1.89713045369265
GF6_A3_D87	1	0	0	1
GF6_A4_COLON_D105	3	0.581327748958676	0.36035648068328	1.56337079920425
GF6_A4_COLON_D54	2	0.686847191591983	0.49371325214072	1.97516526795986
GF6_A4_D51	2	0.599803425313167	0.40959890828472	1.69376380571167
GF6_A4_D53	3	0.638416956592016	0.38171078124482	1.61736606375464
GF6_A4_D93	3	0.550570644831444	0.31578926195096	1.46153800925633
GF6_A5_COLON_D105	3	0.665234085052307	0.422862448414885	1.73268919558862
GF6_A5_D51	2	0.455494505557092	0.28187397008078	1.39251323352321
GF6_A5_D87	2	0.239974472521652	0.12120122367968	1.13791692358423
GF6_A5_D90	3	1.03935582203393	0.62794311320482	2.6877610265833
GF6_A5_D91	3	0.908402899757702	0.56650110788278	2.30681097041788
GF6_A6_COLON_D105	3	0.479073353614381	0.261469988169915	1.3540411140801
GF6_A6_COLON_D54	3	0.465700856199672	0.275421369601851	1.38011246543458
GF6_A6_D53	3	0.602715790879876	0.38047195204058	1.61413192396013
GF6_A6_D87	2	0.240756716777686	0.12171162873918	1.13857820816238
GF6_A6_D88	2	0.326872437172586	0.18130442796158	1.22145524435922
GF6_A6_D91	3	0.638522389525561	0.403961218761512	1.67774317960005
GF6_A7_D87	1	0	0	1
GF6_A8_COLON_D105	3	0.514303657823638	0.29835312019798	1.42521833815062
GF6_A8_COLON_D54	2	0.24966268839389	0.12756337297592	1.1462150590938
GF6_A8_D51	3	0.312032277923838	0.14417350267046	1.16846113449435
GF6_A8_D52	2	0.270110648820633	0.1412777127795	1.16452084088418
GF6_A8_D53	3	0.801081410141606	0.51195350687774	2.04898511533714
GF6_A8_D89	3	0.714391387665955	0.49780995718376	1.99127803170306
GF6_A8_D91	3	0.690876214499422	0.37658256711935	1.60406165637566
GF6_A8_D93	3	0.617149436061288	0.35898256676938	1.56001997474572
GF6_ADAM_D0	3	0.705311857017533	0.45372842598026	1.83059131677217
GF6_ADAM_D67	0	0	1	Inf
GF6_ASIRE_D57	3	0.804589088023364	0.506139909298777	2.02486497457229
GF6_B_DAM_D22	3	0.8330123054271	0.52999565114958	2.12763988768592
GF6_B1_COLON_D105	0	0	1	Inf
GF6_B1_D63	3	0.164470391577058	0.0629257935845601	1.06715134527634
GF6_B1_D64	3	0.220710611844847	0.0903106985796188	1.0992764215635
GF6_B1_D66	1	0	0	1
GF6_B1_D87	1	0	0	1
GF6_B1_D89	3	0.855254393922213	0.530666288326297	2.1306801005917
GF6_B1_D91	3	0.749809394324579	0.43641396160914	1.77435197446548
GF6_B1_D93	3	0.772463228234949	0.510950940507387	2.04478462965964
GF6_B10_D63	3	0.0832411456753224	0.0288324767601401	1.02968846884825
GF6_B10_D64	3	0.307246863137931	0.149057442223007	1.17516745503058
GF6_B10_D66	0	0	1	Inf
GF6_B2_COLON_D105	3	0.646931112747931	0.38599269675974	1.62864512314881
GF6_B2_D63	3	0.729227764423373	0.501248434507568	2.00500623795069
GF6_B2_D66	2	0.521781453929087	0.33867300445152	1.51211126527602
GF6_B2_D87	2	0.448890499869212	0.276394743678	1.38196895512186
GF6_B2_D89	2	0.617590514958344	0.42636635699118	1.74327292722025
GF6_B3_COLON_D105	3	0.651257119530518	0.40235766059998	1.67324155949846
GF6_B3_D63	3	0.229265932294152	0.09757426175966	1.10812442245932
GF6_B3_D66	3	0.464976636616711	0.27826247385394	1.38554524847808
GF6_B3_D87	3	0.664662529246402	0.42247007437342	1.73151200591912
GF6_B3_D89	1	0	0	1
GF6_B3_D91	2	0.377582559512854	0.21937650071918	1.2810272825777
GF6_B3_D93	3	0.840016695452338	0.53993928922614	2.17362616842007
GF6_B4_COLON_D105	3	0.709371888677703	0.444417124360291	1.79991148728006
GF6_B4_D64	3	0.333705460639511	0.15500210489518	1.18343490059931
GF6_B4_D66	1	0	0	1
GF6_B4_D87	3	0.640345289395723	0.40027636297384	1.66743469535182
GF6_B4_D89	2	0.676372662588675	0.48331948875	1.93543200919406
GF6_B4_D90	0	0	1	Inf
GF6_B4_D93	3	0.892316728267043	0.53322256676258	2.1423486415449
GF6_B5_COLON_D105	3	0.692440654141919	0.42337779219552	1.73423774954411
GF6_B5_D66	1	0	0	1
GF6_B5_D87	0	0	1	Inf
GF6_B5_D90	2	0.64682290726962	0.454395583968	1.83282974003889
GF6_B5_D91	2	0.628294827713683	0.436562204792	1.77481881496934
GF6_B6_COLON_D105	3	0.700419726839933	0.42602058152424	1.74222274843158
GF6_B6_D63	3	0.320441336240972	0.15557737320942	1.18424112319293
GF6_B6_D64	3	0.353660243209537	0.17455657770362	1.21147006928471
GF6_B6_D66	2	0.311406526818736	0.17012058258542	1.20499433895519
GF6_B6_D87	1	0	0	1
GF6_B6_D90	2	0.686111649593269	0.49298098414158	1.97231261298342
GF6_B6_D91	2	0.469318111057154	0.2934497162795	1.41532743392908
GF6_B6_D93	3	0.717449127413889	0.48503863422958	1.94189324961092
GF6_B7_COLON_D105	3	0.498575704581189	0.26466410438144	1.35992273185414
GF6_B7_D63	3	0.522452983154674	0.30248456504974	1.43366003086557
GF6_B7_D66	2	0.532696677955998	0.34833457513848	1.53452977839434
GF6_B7_D87	2	0.0577910583042269	0.02056625008158	1.02099810230482
GF6_B7_D90	2	0.660444745117069	0.46765563306798	1.87848329411871
GF6_B7_D91	1	0	0	1
GF6_B7_D93	2	0.473361587179913	0.29686278715422	1.42219751953213
GF6_B8_COLON_D105	3	0.564575649529909	0.29606181231462	1.42057927456401
GF6_B8_D63	3	0.240392050206237	0.10332701210968	1.11523377363334
GF6_B8_D66	2	0.422975776711895	0.25521527269112	1.34266985255362
GF6_B8_D91	3	0.394334224294386	0.214380760147826	1.27288124994007
GF6_B9_D63	0	0	1	Inf
GF6_B9_D66	2	0.268869856447104	0.14043460147518	1.16337861169865
GF6_GF6MERO3_COLON	0	0	1	Inf
GF6_GFMERO1_COLON	0	0	1	Inf
GF6_GFMERO2_COLON	0	0	1	Inf
GF6_GFPBS1_COLON	1	0	0	1
GF6_GFPBS2_COLON	1	0	0	1
GF6_GFPBS3_COLON	1	0	0	1
GF6_INOC	3	0.916620562535829	0.569398374685119	2.32233215392242
GF6_WATER_D9	0	0	1	Inf
GF6_WATER_H11	3	0.681878544342813	0.37066047782528	1.5889674249989
GF6_WATER_H12	0	0	1	Inf
GF6_WATER	0	0	1	Inf
GF7_A1_COLON_D47	4	0.629894738009083	0.308361488274854	1.44584198688664
GF7_A3_COLON_D47	2	0.525386614955624	0.34185458223662	1.51942104740069
GF7_A4_COLON_D47	2	0.248626677615665	0.12687882442488	1.14531639819789
GF7_A5_COLON_D47	2	0.163940432268218	0.0744907864782198	1.0804862721947
GF7_A6_COLON_D47	2	0.254655880034884	0.13087668215808	1.15058470929425
GF7_A7_COLON_D47	2	0.456871894167483	0.2830209249875	1.39474084370254
GF7_ADAM_D0	1	0	0	1
GF7_ADAM_D5	3	0.867441154844437	0.54611039523894	2.20317889969396
GF7_ADAM_D78	3	0.884749581228904	0.555641982935751	2.25043762371325
GF7_ASIRE_D22	0	0	1	Inf
GF7_ASIRE_D36	3	0.594864507009652	0.35524143071374	1.55096814162081
GF7_B1_COLON_D47	3	0.464788693358691	0.25779593957474	1.34733835789989
GF7_B1_D30	2	0.258568873187916	0.13348937652222	1.1540539410659
GF7_B1_D31	2	0.578579811374953	0.389879693598	1.63902100865516
GF7_B1_D32	2	0.579732629142973	0.39094270382462	1.64188165264512
GF7_B1_D33	2	0.552598871053801	0.36617128116078	1.5777133005765
GF7_B1_D36	2	0.554658767501637	0.368033551232	1.5823624845108
GF7_B2_COLON_D47	3	0.498346994029593	0.274952715001914	1.37922039112613
GF7_B2_D30	2	0.0997237789618406	0.0400330951143798	1.04170257840206
GF7_B2_D34	2	0.611850868554379	0.42093183061752	1.72691239628385
GF7_B2_D36	2	0.657556967933959	0.46483405567872	1.86857928949168
GF7_B3_D30	2	0.102407949312899	0.04136857858272	1.04315378951543
GF7_B3_D31	2	0.540440457010738	0.35524098323328	1.55096706520633
GF7_B3_D33	2	0.560612154122048	0.37343271781248	1.59599779373848
GF7_B3_D36	2	0.636045523713147	0.44399377862862	1.79854102627398
GF7_B4_COLON_D47	2	0.656731815084872	0.46402885486782	1.86577208322172
GF7_B4_D35	2	0.380010026365909	0.2212516621755	1.28411189010507
GF7_B4_D36	2	0.618860257914939	0.42757166775992	1.74694357997045
GF7_B5_COLON_D47	3	0.627975009974877	0.37726303144462	1.60581441361959
GF7_B5_D30	2	0.423778018418205	0.25586317837518	1.34383888948877
GF7_B5_D36	2	0.650580765015465	0.45804106863918	1.8451582622489
GF7_B6_COLON_D47	1	0	0	1
GF7_B7_COLON_D47	0	0	1	Inf
GF7_B8_COLON_D47	1	0	0	1
GF7_BDAM_D1	2	0.693060284935046	0.49991310689208	1.99965248796112
GF7_BDAM_D78	3	0.661878619174855	0.38293474539342	1.62057414922441
GF7_BSIRE_D12	3	0.589684488384939	0.33799399046966	1.51056030550153
GF7_BSIRE_D20	3	0.375184847361005	0.18292179300314	1.22387305332186
GF7_BSIRE_D36	3	0.253018499154949	0.11153743497318	1.12553982504577
GF7_C1_COLON_D47	2	0.308775882671046	0.1682386721195	1.20226796615828
GF7_C1_D30	2	0.418178104382449	0.25135099325952	1.33573943329447
GF7_C1_D34	1	0	0	1
GF7_C1_D36	2	0.502685034104878	0.32197777716542	1.47487791155184
GF7_C2_COLON_D47	2	0.52441080162023	0.34099249262238	1.5174333961373
GF7_C2_D30	2	0.167587087932042	0.0765933427774199	1.08294649186069
GF7_C2_D32	1	0	0	1
GF7_C2_D33	2	0.0374781564574161	0.0122381827020002	1.01238981147852
GF7_C2_D36	2	0.5314878578706	0.34726036013838	1.53200439950606
GF7_C3_COLON_D47	2	0.501060070366841	0.32056942893998	1.47182073135131
GF7_C3_D30	2	0.0108014861571864	0.00285770505037997	1.0028658949328
GF7_C3_D31	2	0.0676421437429794	0.024886379192	1.02552151735034
GF7_C3_D33	1	0	0	1
GF7_C3_D34	2	0.00882821776114139	0.00226662536568001	1.00227177462768
GF7_C4_COLON_D47	2	0.401659762744404	0.23818357441248	1.31265219075421
GF7_C4_D31	2	0.111271610226196	0.0458480393599801	1.0480510875115
GF7_C4_D32	2	0.363650042206357	0.20870594249742	1.26375269789858
GF7_CONTAMINANT	2	0.290975959284767	0.155662870752	1.18436103939979
GF7_INOC	2	0.469036670903615	0.29321260981758	1.41485263304132
GF7_WATER_A12	0	0	1	Inf
GF7_WATER_B7	0	0	1	Inf
GF7_WATER_C8	0	0	1	Inf
GF7_WATER_D9	0	0	1	Inf
GF7_WATER_H2	0	0	1	Inf
GF7_WATER_H8	0	0	1	Inf
GF7_WATER	1	0	0	1
GF8_A1_COLON_D46	3	0.384196789998212	0.21809404982616	1.27892619282111
GF8_A1_D30	3	0.679387703132011	0.47178955092408	1.89318481251072
GF8_A1_D33	1	0	0	1
GF8_A1_D35	2	0.68826384010649	0.495124613742	1.98068677384281
GF8_A2_COLON_D46	3	0.414635873310605	0.23616891785218	1.30918998109909
GF8_A2_D30	3	0.3565541658877	0.17659915101912	1.21447530839651
GF8_A2_D35	2	0.448742198489048	0.27627208031102	1.38173472764426
GF8_A3_D30	3	0.500614327342332	0.30361241785766	1.43598195264143
GF8_A4_D30	3	1.03406757338345	0.622864896437395	2.65156966443458
GF8_A4_D31	1	0	0	1
GF8_A4_D32	2	0.180772259569288	0.0843163978582202	1.09208027495633
GF8_A4_D33	2	0.0311897507985876	0.00984188603767988	1.00993971154596
GF8_A5_D30	3	0.174964058236433	0.07829291689086	1.08494338204146
GF8_A7_D32	2	0.545013391182889	0.35933961727488	1.56088939938254
GF8_ADAM_D0	3	0.540127110544037	0.31209793093006	1.45369529321524
GF8_B1_COLON_D46	3	0.421499739715189	0.24637628853778	1.32692215596527
GF8_B1_D31	2	0.0232473388439668	0.00696179650478013	1.00701060289551
GF8_B1_D32	3	0.698950848000048	0.49262812802438	1.97094095127144
GF8_B1_D34	3	0.531391486377468	0.34173955863558	1.51915554567921
GF8_B2_D32	2	0.48045730211095	0.30288172030862	1.43447680132948
GF8_B3_D46	3	0.767458938606259	0.50377917954734	2.01523184595073
GF8_B4_COLON_D46	3	0.389729323438892	0.21678461010018	1.27678798564965
GF8_B4_D30	2	0.313973431530644	0.17196263587832	1.2076749713592
GF8_B4_D33	2	0.54814524353644	0.36215526311502	1.56777965259017
GF8_B5_COLON_D46	3	0.568767780520715	0.378576739358968	1.60920915475299
GF8_B5_D34	3	0.429500796060645	0.25246001901126	1.33772109242551
GF8_B5_D35	2	0.614509333373833	0.42344614620798	1.7344433541168
GF8_B6_COLON_D46	3	0.265829476792623	0.12789924013054	1.14665649431344
GF8_B6_D30	3	0.481716318710904	0.30254186477022	1.4337778133028
GF8_B6_D33	2	0.530833437895376	0.34667925049758	1.53064172653573
GF8_B6_D34	2	0.454352459365455	0.28092407277792	1.39067372740898
GF8_B6_D35	2	0.644726508970372	0.4523660454875	1.82603724944373
GF8_B7_D33	2	0.692213329138884	0.49906643930798	1.99627271652261
GF8_C1_COLON_D46	2	0.360526449574791	0.20633529278718	1.25997791121617
GF8_C1_D31	1	0	0	1
GF8_C1_D32	2	0.686677966097496	0.49354474786232	1.97450810467289
GF8_C1_D33	2	0.685426413341043	0.49229912341278	1.96966372546376
GF8_C1_D34	3	0.439119697412399	0.25759067653576	1.34696584268876
GF8_C2_COLON_D46	2	0.545825933862243	0.3600694488195	1.56266957118279
GF8_C2_D30	3	1.03668319025387	0.62952800655706	2.69925937101645
GF8_C2_D31	1	0	0	1
GF8_C3_D30	3	0.52401175986891	0.32590074669026	1.4834610705918
GF8_C4_COLON_D46	2	0.566323588843917	0.37863606632718	1.6093627998154
GF8_C4_D30	3	0.51124207367649	0.322226990796198	1.47542021653345
GF8_C4_D35	2	0.413973325813507	0.24797896716768	1.32975004200843
GF8_C5_COLON_D46	2	0.569723619023457	0.38174458077678	1.61745448387077
GF8_C5_D30	2	0.0655239804875152	0.0239432839155	1.02453062769913
GF8_C5_D35	2	0.499340077771358	0.31908082955	1.46860309328511
GF8_C6_COLON_D46	3	0.635111442244826	0.43100584611168	1.75748730134805
GF8_C6_D30	2	0.0611169998398562	0.0220057930942199	1.02250094421709
GF8_C6_D32	2	0.687934914671921	0.49479679633038	1.97940154127359
GF8_C6_D34	2	0.356118579233465	0.20300351037582	1.25471067064743
GF8_C7_COLON_D46	3	0.645660680183527	0.43623682579303	1.77379446858457
GF8_C7_D30	1	0	0	1
GF8_C7_D33	2	0.597340357343068	0.40729431746318	1.68717802015991
GF8_C7_D34	0	0	1	Inf
GF8_C7_D35	3	0.598016472713943	0.39034054483262	1.64025997058547
GF8_INOC	3	0.548314242912503	0.31267127146966	1.45490790431271
GF9_A_DAM_D0	2	0.660918687205855	0.46811924894592	1.88012068122075
GF9_A1_COLON_D33	2	0.468002023199353	0.2923414542995	1.41311089377168
GF9_A1_D16	2	0.690870147367509	0.49772469562638	1.99094001097085
GF9_A1_D19	3	0.805998199944981	0.49879525573962	1.99519260631837
GF9_A1_D20	2	0.561702670603027	0.37442443897998	1.59852791942427
GF9_A1_D21	2	0.692781176446762	0.499634040542	1.99853723279499
GF9_A2_COLON_D33	2	0.0833205537500322	0.03209396553678	1.03315814179687
GF9_A2_D21	2	0.654852426040548	0.46219662944888	1.8594156428868
GF9_A3_COLON_D33	2	0.382949641792211	0.2235287763995	1.28787773404273
GF9_A3_D18	3	0.694432305721714	0.49637417125626	1.98560110090944
GF9_A3_D19	2	0.692886745237028	0.49973958728672	1.99895889138272
GF9_A3_D21	2	0.658910213722828	0.46615557741368	1.87320492205443
GF9_A4_COLON_D33	2	0.515457242596484	0.3331146012795	1.49950801429844
GF9_A4_D16	2	0.546753890797217	0.3609035232	1.56470898573416
GF9_A4_D17	3	0.650057683887093	0.45071083176522	1.82053471619265
GF9_A4_D18	3	0.682036422737692	0.485374706248696	1.94316138779463
GF9_A4_D19	2	0.682937734812994	0.4898253460995	1.96011305609673
GF9_A4_D20	2	0.619836706721484	0.42849932235648	1.74977920257824
GF9_A5_COLON_D33	2	0.481320708929058	0.3036166612395	1.43599070273552
GF9_A5_D18	3	0.682513042144807	0.48728210848194	1.95039029560523
GF9_A5_D19	2	0.678840541402207	0.48576171875	1.94462379885298
GF9_A6_COLON_D33	2	0.415165540417266	0.24893366639288	1.33144032058704
GF9_A6_D16	3	0.692621250697152	0.48718322683128	1.95001422012964
GF9_A6_D21	2	0.554408916303781	0.36780750990878	1.58179670855582
GF9_A7_D16	2	0.0900735271195622	0.0353151744703799	1.03660799209834
GF9_A7_D20	2	0.644487160387909	0.45213452051118	1.82526557601884
GF9_C1_COLON_D33	3	0.280581389470513	0.14759404676664	1.1731499483395
GF9_C1_D16	2	0.299532081907241	0.16167333950382	1.19285243702989
GF9_C1_D17	2	0.676268499697009	0.4832164983155	1.93504629451291
GF9_C1_D19	2	0.500204119529996	0.319828359102	1.47021713325146
GF9_C1_D21	2	0.323395088144242	0.17877210434222	1.21768878686108
GF9_C2_COLON_D33	2	0.233081291772957	0.11672868760718	1.13215496299881
GF9_C2_D16	3	0.684691734890056	0.48587899258824	1.94506737827015
GF9_C2_D18	2	0.6550348581054	0.46237437852792	1.86003040045206
GF9_C2_D21	2	0.41828953814848	0.25144054478222	1.33589923022089
GF9_C3_D16	3	0.635269903110696	0.44086511802306	1.78847722121054
GF9_C3_D17	3	0.647394347312671	0.45419272304118	1.83214852973726
GF9_C3_D19	2	0.316318462363202	0.173650410798	1.21014158301415
GF9_C3_D20	2	0.420661843565018	0.25334928887118	1.33931433412573
GF9_C3_D21	2	0.454368383842551	0.28093731118592	1.39069933060949
GF9_C4_COLON_D33	2	0.322401135117554	0.17805015879552	1.21661925079833
GF9_C4_D16	3	0.500732463911654	0.31480728013762	1.4594434106084
GF9_C4_D17	2	0.524509380054581	0.34107955121678	1.51763388410031
GF9_C4_D19	2	0.379081660339253	0.22053396208512	1.28292953298525
GF9_C5_COLON_D33	2	0.298404531301688	0.16087759272078	1.19172124510703
GF9_C5_D17	3	0.588862679663511	0.39165151726298	1.6437946808068
GF9_C5_D18	2	0.66776637475337	0.4748346604875	1.90416222237416
GF9_C5_D20	2	0.289716619299655	0.15478365022008	1.18312902993462
GF9_C5_D21	2	0.555146575924338	0.368475001272	1.58346859113126
GF9_C6_COLON_D33	2	0.308468763050093	0.16801935391038	1.20195103660173
GF9_C6_D16	3	0.67040764835278	0.46916429040998	1.88382202239621
GF9_C6_D20	2	0.689743342536234	0.49660002577038	1.98649195707718
GF9_C6_D21	2	0.540455732966601	0.35525464985822	1.55099994095359
GF9_C7_COLON_D33	2	0.233858542340965	0.11723072377982	1.13279882630462
GF9_C7_D16	3	0.667814142032801	0.46332923643818	1.86333981259407
GF9_C7_D17	2	0.638543253245088	0.446397416958	1.80634995325543
GF9_INOC	3	0.650751414678354	0.44508856573234	1.80208937543293
Gn3_6A_dam	0	0	1	Inf
Gn3_6Adam_Stool	0	0	1	Inf
Gn3_6B_dam_210806	0	0	1	Inf
Gn3_6B_dam_210818	0	0	1	Inf
Gn3_6C_dam	3	0.359131143253981	0.16459417214386	1.19702301163765
Gn3_6Cdam_Stool_210816	3	0.495986697404382	0.246846202204098	1.32775005971754
Gn3_6Cdam_Stool_211105-1	3	0.881918025184099	0.55477902484542	2.24607566984642
Gn3_6Cdam_Stool_211105-2	3	0.889361410145258	0.55897237883687	2.26743168004463
Gn3_6Cdam_Stool_211105-3	3	0.858581857351498	0.54187141190424	2.18279327242284
Gn3_6D_dam	3	0.622182481428503	0.334856221640352	1.50343434387398
Gn3_6Ddam_Stool	3	0.648672487960411	0.34973469141974	1.53783384536279
Gn3_6E_dam	3	0.504866697210611	0.25249001223046	1.33777476737649
Gn3_6Edam_Stool	3	0.341421720671986	0.15965768136488	1.18999124264525
Gn3_6F_dam	3	0.415140765939879	0.20317398889144	1.2549791122014
Gn3_7A_dam_210806	3	0.47580060977016	0.25152015061246	1.336041312025
Gn3_7A_dam	3	0.404780122591801	0.19123309165722	1.23645019310826
Gn3_7ADam_Stool_210806	3	0.799853962074033	0.51670706856714	2.06913847681408
Gn3_7Adam_Stool_210823	3	0.760158326223106	0.50802387867862	2.03261897612863
Gn3_7C_dam	3	0.849790011629151	0.53516864126854	2.15131785155165
Gn3_7D_dam_210806	3	0.780601996694926	0.495558296415516	1.9823896257866
Gn3_7D_dam_210818	3	0.846748099066724	0.505366664460608	2.02169956642633
Gn3_7E_dam	3	0.862598652307017	0.54788264990362	2.21181514000032
Gn3_7Edam_Stool	3	0.733493261147374	0.46321896117798	1.86295701166071
Gn3_7F_dam	3	0.928477161599756	0.57249775812466	2.33916901958985
Gn3_7Fdam_Stool	3	0.848445370029275	0.54270979085656	2.18679512485763
Gn3_8Ddam_Stool_211105-1	0	0	1	Inf
Gn3_8Ddam_Stool_211105-2	3	0.774616756264462	0.50889811544762	2.0362373500388
Gn3_A_Innoc	3	0.580831743832762	0.33813151012654	1.51087416201244
Gn3_A1_Cwash	1	0	0	1
Gn3_A1_Stool	2	0.16262995684076	0.0737387961510199	1.07960907338514
Gn3_A2_Cwash	1	0	0	1
Gn3_A3_Cwash	1	0	0	1
Gn3_A3_Stool_DoL10	2	0.086693386594707	0.0336943722380001	1.03486927041503
Gn3_A3_Stool_DoL11	2	0.127031581282775	0.05406603048312	1.05715624158284
Gn3_A4_Cwash	1	0	0	1
Gn3_A5_Cwash	1	0	0	1
Gn3_A5_Stool_Dol10	2	0.101068653079227	0.0407009837004799	1.04242783846218
Gn3_A5_Stool_dol11	2	0.206775557813113	0.10008442142208	1.11121534486628
Gn3_A5_Stool_dol12	2	0.119449748219908	0.0500729489395202	1.05271241500452
Gn3_A6_Cwash	1	0	0	1
Gn3_AB_Innoc	3	0.892956834585164	0.53636265281688	2.15685816959227
Gn3_AB10_Cwash	1	0	0	1
Gn3_AB10_Stool	1	0	0	1
Gn3_AB11_Cwash	0	0	1	Inf
Gn3_AB12_Cwash	0	0	1	Inf
Gn3_AB12_Stool	1	0	0	1
Gn3_AB6_Cwash	1	0	0	1
Gn3_AB6_Stool	2	0.299942356117843	0.1619631579155	1.19326496137406
Gn3_AB7_Cwash	1	0	0	1
Gn3_AB7_Stool	2	0.149974401257137	0.0665759281048799	1.0713244173891
Gn3_AB8_Cwash	1	0	0	1
Gn3_AB8_Stool	3	0.429932041259077	0.25388826366102	1.3402818254901
Gn3_AB9_Stool	3	0.669842724589553	0.38854761171232	1.63545031331125
Gn3_B_Innoc	3	0.845086933870922	0.53592417484065	2.15482028105349
Gn3_B1_Cwash	0	0	1	Inf
Gn3_B1_Stool	1	0	0	1
Gn3_B10_Cwash	1	0	0	1
Gn3_B11_Cwash	2	0.628820207225447	0.43706465336862	1.77640293149831
Gn3_B13_Cwash	1	0	0	1
Gn3_B13_Stool	3	0.123044805846825	0.0454174777478201	1.04757836718052
Gn3_B14_Cwash	1	0	0	1
Gn3_B14_Stool	3	0.132605936194823	0.0554224190146202	1.05867429010628
Gn3_B15_Cwash	1	0	0	1
Gn3_B15_Stool	2	0.164113797527478	0.0745904113590201	1.08060259184105
Gn3_B16_Cwash	1	0	0	1
Gn3_B2_Cwash	0	0	1	Inf
Gn3_B2_Stool	3	0.0541236088682003	0.0166823656936599	1.0169653885089
Gn3_B3_Cwash	0	0	1	Inf
Gn3_B3_Stool	3	0.0692850403457115	0.0240704197661801	1.02466409488317
Gn3_B4_Cwash	0	0	1	Inf
Gn3_B4_Stool	1	0	0	1
Gn3_B5_Cwash	0	0	1	Inf
Gn3_B5_Stool	3	0.176781481766512	0.07091729894808	1.07633044815901
Gn3_B6_Cwash	0	0	1	Inf
Gn3_B6_Stool	3	0.39872920189921	0.21118878874682	1.26773046038647
Gn3_B7_Stool	1	0	0	1
Gn3_B9_Cwash	2	0.489661526328433	0.31074491613438	1.45084167445178
Gn3_BP7_Cwash	2	0.268674961994595	0.14030229884238	1.16319957428461
Gn3_BP8_Cwash	2	0.342508570272873	0.1928170228875	1.23887647330876
Gn3_BV7_Cwash	0	0	1	Inf
Gn3_BV8_Cwash	0	0	1	Inf
Gn3_E1_Cwash	1	0	0	1
Gn3_E2_Cwash	1	0	0	1
Gn3_F1_Stool	3	0.944764211033677	0.55602514966094	2.25237983466025
Gn3_F2_Stool	3	0.782238789325368	0.462713945422604	1.86120594696349
Gn3_PBS_Innoc	0	0	1	Inf
Gn3_PBS1_Cwash	0	0	1	Inf
Gn3_PBS2_dam	0	0	1	Inf
Gn3_PBS3_Cwash	0	0	1	Inf
Gn4_E_Innoc	3	0.783471751234944	0.46717384605144	1.87678474975262
Gn4_F_Innoc	3	0.841990111220067	0.50720696427608	2.02924945668314
Gn4_G_Innoc	1	0	0	1
Gn4_H_Innoc	3	0.65073723278838	0.36863006643478	1.58385749279064
Gn4_I_Innoc	3	0.763716709889746	0.48542637167576	1.94335648963706
gnoto1_A_inoc	3	0.517483228452772	0.28961831927346	1.4076939582356
gnoto1_AM1_d10	2	0.14784687845405	0.0653897087999999	1.06996467877113
gnoto1_AM1_d20_colon	2	0.359303214625662	0.20540909015438	1.25850923740656
gnoto1_AM2_d10	2	0.462358138945426	0.28760353873502	1.4037127559903
gnoto1_AM2_d20_colon	2	0.459698050321443	0.285378756222	1.39934267096971
gnoto1_AM3_d10	2	0.57818461555399	0.38951549930622	1.63804322446116
gnoto1_AM3_d20_colon	2	0.419689810385634	0.25256666787512	1.33791196755582
gnoto1_AM4_d10	2	0.360250022288701	0.20612588203662	1.25964555005952
gnoto1_AM4_d20_colon	2	0.374642109553618	0.21711142031072	1.27732096998642
gnoto1_AP1_d10	2	0.0937404964421975	0.0370923153754998	1.03852115417478
gnoto1_AP1_d19_colon	2	0.473415251802931	0.29690816725742	1.42228931333089
gnoto1_AP2_d10	2	0.11108291450832	0.0457515855994999	1.04794515234091
gnoto1_AP2_d19_colon	2	0.460468168137576	0.2860223012555	1.40060397090618
gnoto1_AP3_d10	2	0.310044287111521	0.16914531879648	1.2035799070801
gnoto1_AP3_d20_colon	2	0.461847631626247	0.28717615953888	1.40287114885651
gnoto1_AP4_d10	2	0.256705773697514	0.13224362475192	1.15239718027322
gnoto1_AP4_d20_colon	2	0.339944425974519	0.19091506092558	1.23596417595411
gnoto1_B_inoc	3	0.844225679109057	0.53262536640234	2.13961119862755
gnoto1_BA1_d10	3	0.463932205833797	0.26388615406306	1.35848551894467
gnoto1_BA1_d20_colon	3	0.760345578937227	0.50258682715418	2.01040112041818
gnoto1_BA2_d10	3	0.687856713223366	0.43287207080474	1.76327059296652
gnoto1_BA2_d20_colon	3	0.780044565058815	0.51511416901602	2.06234114527681
gnoto1_BA3_d10	3	0.590582435335556	0.32263974421006	1.47631927242881
gnoto1_BA3_d20_colon	3	0.785002906863076	0.503156762878308	2.01270727924806
gnoto1_BA4_d10	3	0.313605838605457	0.15592489895714	1.18472870336359
gnoto1_BA4_d20_colon	3	0.813629551756217	0.526781191443716	2.11318734995095
gnoto1_BM1_d10	3	0.590676226010057	0.34374727549794	1.52380319755436
gnoto1_BM1_d20_colon	3	0.831656610095685	0.53568349665698	2.15370333124092
gnoto1_BM2_d10	3	0.4854106656228	0.27296289691784	1.37544562135915
gnoto1_BM2_d20_colon	3	0.834127751213802	0.53719402024702	2.16073266930074
gnoto1_BM3_d10	3	0.756681864795684	0.50916169995974	2.03733082752095
gnoto1_BM3_d20_colon	3	0.842761392066889	0.53475268105302	2.14939443877582
gnoto1_BM4_d10	3	0.83544319854741	0.493127393122916	1.97288231092453
gnoto1_BM4_d20_colon	3	0.752277253534624	0.49923281565416	1.99693596397758
gnoto1_BM5_d10	3	0.623521092594912	0.34708580128214	1.53159481286166
gnoto1_BM5_d20_colon	3	0.67408153401499	0.372027510023574	1.59242644536473
gnoto1_BP1_d10	2	0.436921140546256	0.2665485050955	1.36341667710447
gnoto1_BP1_d20_colon	3	0.189248164158943	0.0831895003901399	1.090737944674
gnoto1_BP2_d10	1	0	0	1
gnoto1_BP2_d20_colon	3	0.243769128280167	0.109460514898756	1.12291483615273
gnoto1_BP3_d10	3	0.308334496772858	0.15324640665384	1.18098111169301
gnoto1_BP3_d20_colon	3	0.412283357465863	0.19915685465298	1.24868397239847
gnoto1_BP4_d10	3	0.27144442257567	0.13770569313662	1.15969685992423
gnoto1_BP4_d20_colon	3	0.340009112301998	0.16088703173394	1.19173465053984
gnoto2_BA1_d10	3	0.658816859786487	0.359311415111079	1.56082069134004
gnoto2_BA1_d20_colon	3	1.06118076055142	0.642151188398436	2.79447623571661
gnoto2_BA2_d10	2	0.412431877236353	0.24674625219822	1.32757387921175
gnoto2_BA2_d20_colon	3	0.891607293393148	0.555317699609855	2.24879649835994
gnoto2_BA3_d10	3	0.45688716581864	0.23020595054078	1.29904875297815
gnoto2_BA3_d20_colon	3	0.898835155393353	0.562705637293082	2.28678914086577
gnoto2_BA4_d10	3	0.356195642796703	0.16870243995416	1.20293869254814
gnoto2_BA5_d10	2	0.666453982368713	0.4735451697795	1.89949819546942
gnoto2_BA5_d20_colon	2	0.42337684782185	0.25553912308782	1.34325393182208
gnoto2_BA6_d20_colon	3	0.699506204393919	0.38868098327954	1.63580711976653
gnoto2_BA7_d20_colon	3	0.788784759437317	0.52279771594038	2.09554738819118
gnoto2_BM1_d10	3	0.620558640954884	0.35910563893602	1.56031954835716
gnoto2_BM1_d20_colon	3	0.791070635370319	0.52146776997486	2.08972340263782
gnoto2_BM2_d10	3	0.417849852281518	0.203860618749994	1.25606146806846
gnoto2_BM2_d20_colon	2	0.605482678913674	0.41492880485888	1.70919369865542
gnoto2_BM3_d10	3	0.849975639045871	0.49781201848922	1.9912862052007
gnoto2_BM3_d20_colon	3	0.884321815266312	0.551140926348429	2.2278707476375
gnoto2_BM4_d10	3	0.414678434875943	0.20577477094552	1.25908868595183
gnoto2_BM4_d20_colon	3	0.863200524294595	0.54627010935526	2.20395442446832
gnoto2_BM5_d10	3	0.937602589964009	0.56407096472392	2.29395135234955
gnoto2_BM5_d20_colon	3	0.837981884378736	0.528132488655717	2.11923893033268
gnoto2_BM6_d10	3	0.599174435201548	0.32535046340088	1.48225107370704
gnoto2_BM6_d20_colon	3	0.884906994345439	0.543893939345542	2.19247251081277
gnoto2_BM7_d10	2	0.387287527212703	0.22690166188928	1.2934965071116
gnoto2_BM7_d20_colon	3	0.809239459322708	0.52540301929016	2.10705090981475
gnoto2_BP1_d10	3	0.505451217251629	0.25428745460726	1.34099929815897
gnoto2_BP1_d20_colon	3	0.630650931848914	0.33440175448166	1.50240780641067
gnoto2_BP2_d10	3	0.628537811611053	0.40663162233354	1.68529371911038
gnoto2_BP2_d20_colon	3	0.905045347911839	0.52813600562534	2.11925472577168
gnoto2_BP3_d10	3	0.492696202851031	0.24762555369178	1.32912541741262
gnoto2_BP4_d10	3	0.782620615169448	0.4714965052365	1.89213507556367
gnoto2_BP4_d20_colon	2	0.243773456973831	0.123685439118	1.14114274101929
gnoto2_BP5_d10	3	0.541835247206539	0.28224619323406	1.39323538318216
gnoto2_BP5_d20_colon	3	0.427104488366215	0.21259681625032	1.26999740493544
gnoto2_BP6_d10	3	0.333634262515642	0.17316921186586	1.20943730488876
gnoto2_BP6_d20_colon	3	0.451542824868483	0.22798562777672	1.29531267289773
gnoto2_INOC_microA	3	0.515433026848386	0.28686226954562	1.4022536703574
gnoto2_INOC_microB	3	0.815407163067771	0.52666817479974	2.11268278776082
