Sample	p__Actinobacteria	p__Bacteroidetes	p__Firmicutes	p__Fusobacteria	p__Proteobacteria	p__Verrucomicrobia
B0	0	0	0	0	0	0
B1	0	0	77.61037	0	22.38963	0
B1-colon	0.38186	0	97.52782	0	2.09032	0
B1-d31	0	0	6.63191	0	93.36809	0
b1-d33	0	0	21.38753	0	78.61247	0
B1-d39	0	0	88.03706	0	11.96294	0
B1-d40	0	0	84.31199	0	15.68801	0
B1-d48	0.20184	0	92.46463	0	7.33354	0
B19	2.43851	0	90.3271	0	7.23439	0
B2-d29	0	0	0.23316	0	99.76684	0
b2-d33	0	0	31.51106	0	68.48894	0
B2-d39	0	0	88.92346	0	11.07654	0
B3	0	0	91.61862	0	8.38138	0
B3-d34	0	0	56.3921	0	43.6079	0
B3-d39	0	0	88.47836	0	11.52164	0
B3-d40	0	0	80.97241	0	19.02759	0
B3-d48	1.04427	0	93.32566	0	5.63007	0
B4-d29	0	0	2.97186	0	97.02814	0
B4-d34	0	0	32.98436	0	67.01564	0
B4-d40	0	0	82.6527	0	17.3473	0
B4-d48	0	0	91.47868	0	8.52132	0
B5-d29	0	0	0.07981	0	99.92019	0
b5-d33	0	0	17.60963	0	82.39037	0
B5-d39	0.00433	0	84.95122	0	15.04445	0
B5-d40	0	0	88.2971	0	11.7029	0
B5-d48	0.32423	0	90.93755	0	8.73822	0
B6-d29	0	0	0.93581	0	99.06419	0
b6-d33	0	0	15.11471	0	84.88529	0
B6-d34	0	0	40.89085	0	59.10915	0
B6-d39	0	0	90.7484	0	9.2516	0
B6-d40	0	0	85.5047	0	14.4953	0
B6-d48	0.79154	0	91.78516	0	7.42329	0
B7-d29	0	0	0.40239	0	99.59761	0
b7-d33	0	0	22.18784	0	77.81216	0
B7-d40	0	0	80.19552	0	19.80448	0
B7-d48	1.8771	0	91.25369	0	6.86921	0
C0	0	0	0	0	0	0
C1	0	0	87.18306	0	12.81694	0
C1-d33	0	0	3.30652	0	96.69348	0
C1-d44	0	0	85.14189	0	14.85811	0
C1-d45	0	0	96.25069	0	3.74931	0
C1-d53	0	0	91.86496	0	8.13504	0
C19	0.91754	0	94.02987	0	5.0526	0
C2-colon	0.05664	0	95.49652	0	4.44684	0
C2-d33	0	0	0	0	100	0
C2-d37	0	0	30.91969	0	69.08031	0
C2-d44	0	0	88.83254	0	11.16746	0
C2-d45	0	0	90.78793	0	9.21207	0
C2-d49	0	0	89.46336	0	10.53664	0
C2-d53	0	0	92.80519	0	7.19481	0
C3	0	0	80.41598	0	19.58402	0
C3-colon	0	0	97.66899	0	2.33101	0
C3-d33	0	0	2.9591	0	97.0409	0
C3-d44	0	0	89.96778	0	10.03222	0
C3-d45	0	0	87.20467	0	12.79533	0
C3-d53	0	0	93.17563	0	6.82437	0
C4-d33	0	0	44.86484	0	55.13516	0
C4-d44	0	0	90.36852	0	9.63148	0
C4-d45	0	0	97.59536	0	2.40464	0
C4-d53	0	0	92.94682	0	7.05318	0
C5-d34	0	0	82.53567	0	17.46433	0
C5-d44	0	0	92.18564	0	7.81436	0
C5-d45	0	0	94.29405	0	5.70595	0
C5-d53	0	0	93.39402	0	6.60598	0
C6-d33	0	0	86.54461	0	13.45539	0
C6-d37	0	0	39.84549	0	60.15451	0
C6-d44	0	0	78.60482	0	21.39518	0
C6-d49	0	0	96.15137	0	3.84863	0
C6-d53	0	0	94.07236	0	5.92764	0
C7-d33	0	0	60.22768	0	39.77232	0
C7-d38	0	0	37.21954	0	62.78046	0
C7-d44	0	0	84.53305	0	15.46695	0
C7-d45	0	0	89.97295	0	10.02705	0
C7-d53	0.07964	0	89.29959	0	10.62078	0
C8-d35	0	0	6.94931	0	93.05069	0
C8-d38	0	0	80.88173	0	19.11827	0
C8-d44	0	0	87.67379	0	12.32621	0
C8-d45	0	0	94.15525	0	5.84475	0
C8-d53	0	0	94.14246	0	5.85754	0
CONV_MERO1_COLON	0	32.01625	67.98375	0	0	0
CONV_MERO1_D0	0	5.81218	50.57061	0	0	43.61721
CONV_MERO1_D1	0	0.26921	89.93513	0	0	9.79566
CONV_MERO1_D3	0	0	100	0	0	0
CONV_MERO2_COLON	0	14.57135	85.42865	0	0	0
CONV_MERO2_D0	0	10.64572	40.93682	0	0.20283	48.21463
CONV_MERO2_D3	0	0	100	0	0	0
CONV_MERO3_COLON	0	94.05712	5.94288	0	0	0
CONV_MERO3_D1	0	26.41518	73.58482	0	0	0
CONV_MERO3_D3	0	90.40058	9.59942	0	0	0
CONV_MERO4_COLON	0	24.16463	75.83537	0	0	0
CONV_MERO4_D0	0	77.75885	13.21011	0	1.05766	7.97338
CONV_MERO4_D1	0	0	100	0	0	0
CONV_MERO4_D3	0	0	100	0	0	0
CONV_PBS1_COLON	0	33.8989	56.15009	0	2.44024	7.51078
CONV_PBS1_D0	0	1.34581	23.87555	0	0	74.77864
CONV_PBS1_D3	0	70.6241	13.06424	0	3.21642	13.09525
CONV_PBS2_COLON	0	60.23488	31.18069	0	1.89022	6.6942
CONV_PBS2_D1	0	51.79965	21.46851	0	4.73881	21.99303
CONV_PBS2_D3	0	74.31692	10.80575	0	2.15237	12.72496
CONV_PBS3_COLON	0	47.30147	46.59387	0	0.84857	5.25609
CONV_PBS3_D1	0	13.9034	68.68289	0	6.36711	11.0466
CONV_PBS4_COLON	0	54.79447	29.27232	0	2.42976	13.50345
CONV_PBS4_D0	0	76.86505	6.75133	0	1.38596	14.99767
CONV_PBS4_D1	0	63.7768	18.28423	0	2.19293	15.74604
CONV_PBS4_D3	0	75.19666	8.28821	0	2.44822	14.06691
CONV_WATER_F12	0	0	0	0	0	0
GF1_A10	0.37889	0	88.52508	0	11.09603	0
GF1_B_mom_d32	2.61501	0	88.71253	0	8.67246	0
GF1_B10	0	0	90.12557	0	9.87443	0
GF1_B14	0	0	95.68222	0	4.31778	0
GF1_B17	1.76933	0	89.20006	0	9.0306	0
GF1_B25	3.11903	0	90.50574	0	6.37524	0
GF1_B3_d38	0.18711	0	92.96048	0	6.85241	0
GF1_B5_D38	0	0	92.83101	0	7.16899	0
GF1_B6_d38	0	0	94.14898	0	5.85102	0
GF1_B7_D38	0	0	95.11346	0	4.88654	0
GF1_C_mom_d32	2.57628	0	93.44472	0	3.97899	0
GF1_C10	0.10668	0	88.17865	0	11.71467	0
GF1_C14	1.44912	0	91.15853	0	7.39235	0
GF1_C17	1.34234	0	93.721	0	4.93666	0
GF1_C25	1.51305	0	92.27292	0	6.21404	0
GF1_C4_d39	0	0	89.86527	0	10.13473	0
GF1_C6_d39	0	0	86.49083	0	13.50917	0
GF1_C7_d39	0	0	88.62861	0	11.37139	0
GF1_INOC_GF1	0.05614	0	43.7392	0	56.20466	0
GF10_A_DAM_D0	0	0	31.91969	0	68.08031	0
GF10_A1_COLON_D35	0	0	18.57635	0	81.42365	0
GF10_A1_d101	0	0	24.98683	0	75.01317	0
GF10_A1_d104_colon	0	0	96.84957	0	3.15043	0
GF10_A1_d127_colon	0	0	81.1918	0	18.8082	0
GF10_A1_D32	0	0	75.88251	0	24.11749	0
GF10_A1_D34	0	0	9.53806	0	90.46194	0
GF10_A1_d77	0	0	5.74666	0	94.25334	0
GF10_A1_d79	0	0	0	0	100	0
GF10_A1_d80_colon	0	0	27.14094	0	72.85906	0
GF10_A2_COLON_D35	0	0	100	0	0	0
GF10_A2_d101	0	0	0	0	100	0
GF10_A2_d103	0	0	2.19992	0	97.80008	0
GF10_A2_d104_colon	0	0	5.36975	0	94.63025	0
GF10_A2_d127_colon	0	0	0	0	100	0
GF10_A2_D32	0	0	80.79973	0	19.20027	0
GF10_A2_D33	0	0	6.01648	0	93.98352	0
GF10_A2_D34	0	0	22.21508	0	77.78492	0
GF10_A2_d77	0	0	8.65798	0	91.34202	0
GF10_A2_d79	0	0	0	0	100	0
GF10_A3_COLON_D35	0	0	100	0	0	0
GF10_A3_d104_colon	0.35403	0	83.65043	0	15.99554	0
GF10_A3_d127_colon	0	0	0	0	0	0
GF10_A3_D33	0	0	3.38035	0	96.61965	0
GF10_A3_D34	0	0	16.88396	0	83.11604	0
GF10_A3_d79	0	0	6.35215	0	93.64785	0
GF10_A3_d80_colon	0	0	5.19672	0	94.80328	0
GF10_A4_d101	0	0	3.53496	0	96.46504	0
GF10_A4_d104_colon	0	0	96.28224	0	3.71776	0
GF10_A4_d127_colon	0	0	0	0	0	0
GF10_A4_d77	0	0	6.82185	0	93.17815	0
GF10_A5_d101	0	0	1.31587	0	98.68413	0
GF10_A5_d104_colon	0	0	4.40762	0	95.59238	0
GF10_A5_d127_colon	0	0	15.54328	0	84.45672	0
GF10_A56_d101	0	0	3.22535	0	96.77465	0
GF10_A6_d102	0	0	17.63997	0	82.36003	0
GF10_A6_d103	0	0	50.98812	0	49.01188	0
GF10_A6_d104_colon	0	0	57.11325	0	42.88675	0
GF10_A6_d127_colon	0	0	0	0	0	0
GF10_A7_d103	0	0	0.42759	0	99.57241	0
GF10_A7_d104_colon	0	0	0	0	100	0
GF10_A7_d127_colon	0	0	0.44265	0	99.55735	0
GF10_A8_d102	0	0	0.79132	0	99.20868	0
GF10_A8_d104_colon	0.08418	0	75.73513	0	24.18069	0
GF10_Adam_d1	0	0	83.73109	0	16.26891	0
GF10_Adam_d20	5.22338	0	87.35742	0	7.4192	0
GF10_C1_COLON_D55	0	0	0.69859	0	99.30141	0
GF10_C1_d102_colon	0	0	0	0	0	0
GF10_C1_d55	0	0	0	0	100	0
GF10_C1_d77	0	0	22.71185	0	77.28815	0
GF10_C1_d78	0	0	0	0	0	0
GF10_C1_d80_colon	0	0	0	0	0	0
GF10_C10_COLON_D55	0	0	0	0	100	0
GF10_C10_d55	0	0	0	0	0	0
GF10_C2_COLON_D35	12.83503	0	36.05913	0	51.10584	0
GF10_C2_COLON_D55	0	0	0	0	100	0
GF10_C2_d101	0	0	3.14107	0	96.85893	0
GF10_C2_d103	0	0	34.07726	0	65.92274	0
GF10_C2_d104_colon	0	0	52.32893	0	47.67107	0
GF10_C2_D32	2.81866	0	16.59536	0	80.58598	0
GF10_C2_D33	0	0	4.61159	0	95.38841	0
GF10_C2_D34	0	0	10.32858	0	89.67142	0
GF10_C2_d55	30.73702	0	64.72727	0	4.5357	0
GF10_C2_d77	0	0	57.91755	0	42.08245	0
GF10_C2_d78	0	0	0	0	0	0
GF10_C2_d80_colon	0	0	0	0	100	0
GF10_C3_COLON_D35	5.01171	0	28.29546	0	66.69284	0
GF10_C3_COLON_D55	0	0	0	0	0	0
GF10_C3_d101	0	0	1.69356	0	98.30644	0
GF10_C3_d102_colon	0	0	0	0	0	0
GF10_C3_D33	0	0	0.12742	0	99.87258	0
GF10_C3_d55	0	0	0	0	100	0
GF10_C3_d78	0	0	0	0	100	0
GF10_C3_d79	0	0	0	0	0	0
GF10_C3_d80_colon	0	0	0	0	0	0
GF10_C4_COLON_D55	0	0	0	0	100	0
GF10_C4_d102_colon	0	0	0	0	100	0
GF10_C4_d55	36.084	0	61.36547	0	2.55053	0
GF10_C4_d77	0	0	38.58655	0	61.41345	0
GF10_C4_d80_colon	0	0	58.46527	0	41.53473	0
GF10_C5_COLON_D55	0	0	1.00906	0	98.99094	0
GF10_C5_d101	0	0	2.86107	0	97.13893	0
GF10_C5_d55	29.87981	0	67.11788	0	3.00231	0
GF10_C5_d77	0	0	1.61777	0	98.38223	0
GF10_C5_d80_colon	0	0	0	0	0	0
GF10_C6_COLON_D55	0	0	1.51435	0	98.48565	0
GF10_C6_d101	0	0	0.12781	0	99.87219	0
GF10_C6_d102_colon	0	0	0	0	0	0
GF10_C6_d55	30.27019	0	63.9216	0	5.80822	0
GF10_C7_COLON_D55	0	0	0	0	100	0
GF10_C7_d55	0	0	0	0	0	0
GF10_C8_COLON_D55	0	0	0	0	100	0
GF10_C8_d101	0	0	2.13831	0	97.86169	0
GF10_C8_d103	0	0	77.35083	0	22.64917	0
GF10_C8_d55	18.27397	0	71.35074	0	10.37529	0
GF10_C9_COLON_D55	0	0	7.19971	0	92.80029	0
GF10_C9_d55	0	0	0	0	0	0
GF10_Cdam_d0	36.5025	0	62.35853	0	1.13896	0
GF10_Cdam_d1	0	0	80.46326	0	19.53674	0
GF10_Cdam_d20	3.83456	0	88.26704	0	7.89841	0
GF10_INOC	0	0	35.73794	0	64.26206	0
GF11_A_DAM_D0	12.99624	0	44.62522	0	42.37855	0
GF11_A1_COLON_D38	18.23328	0	47.4035	0	34.36322	0
GF11_A1_D35	4.61029	0	13.52493	0	81.86477	0
GF11_A1_D37	1.72383	0	26.19261	0	72.08355	0
GF11_A2_COLON_D38	9.85031	0	40.60568	0	49.544	0
GF11_A2_D35	1.80078	0	25.73411	0	72.46512	0
GF11_A2_D36	0	0	24.12052	0	75.87948	0
GF11_A3_D36	0	0	0	0	100	0
GF11_A4_COLON_D38	12.59802	0	37.4091	0	49.99287	0
GF11_A4_D37	0.76533	0	4.3127	0	94.92198	0
GF11_A5_D35	15.51447	0	3.30513	0	81.1804	0
GF11_B_dam_d0	0	0	0	0	0	0
GF11_B_dam_d111	58.71672	0	39.39751	0	1.88577	0
GF11_B_dam_d20	68.40849	0	29.32642	0	2.26508	0
GF11_B_dam_d7	77.25817	0	17.28002	0	5.46181	0
GF11_B1_COLON_D38	9.56416	0	37.92552	0	52.51032	0
GF11_B1_d105_colon	0	0	72.30307	0	27.69693	0
GF11_B1_D36	10.10596	0	44.60062	0	45.29342	0
GF11_B1_d71	1.74694	0	0.01545	0	98.23761	0
GF11_B2_COLON_D38	1.899	0	13.63412	0	84.46688	0
GF11_B2_d105_colon	42.49539	0	50.7313	0	6.77331	0
GF11_B2_D36	13.52404	0	36.44606	0	50.02991	0
GF11_B2_d71	2.01421	0	9.63248	0	88.35331	0
GF11_B2_d73	0	0	0	0	100	0
GF11_B2_d74_colon	0	0	0	0	0	0
GF11_B3_COLON_D38	0	0	7.6351	0	92.3649	0
GF11_B3_d105_colon	57.22703	0	36.2082	0	6.56476	0
GF11_B3_D35	0.66057	0	4.01707	0	95.32235	0
GF11_B3_D37	0	0	0.52405	0	99.47595	0
GF11_B3_d71	0	0	1.86076	0	98.13924	0
GF11_B3_d72_colon	0	0	0	0	0	0
GF11_B4_COLON_D38	0	0	0	0	100	0
GF11_B4_d105_colon	73.63776	0	22.28891	0	4.07333	0
GF11_B4_D35	2.84686	0	13.79192	0	83.36123	0
GF11_B4_D37	0	0	2.83339	0	97.16661	0
GF11_B4_d72	0.18919	0	0	0	99.81081	0
GF11_B4_d73	0	0	0	0	100	0
GF11_B4_d74_colon	0	0	0	0	100	0
GF11_B5_COLON_D38	0	0	0	0	100	0
GF11_B5_d105_colon	26.95436	0	67.8756	0	5.17004	0
GF11_B5_D35	0	0	1.19421	0	98.80579	0
GF11_B5_D37	0	0	0	0	100	0
GF11_B5_d71	0.80902	0	22.24047	0	76.95051	0
GF11_B5_d74_colon	0	0	0	0	100	0
GF11_B6_d105_colon	56.55554	0	40.04385	0	3.40061	0
GF11_B6_d71	0.4296	0	0.35668	0	99.21371	0
GF11_B6_d72_colon	0	0	0	0	0	0
GF11_B7_d105_colon	68.55783	0	15.31638	0	16.1258	0
GF11_B7_d71	1.75825	0	5.95436	0	92.28739	0
GF11_B7_d73	0	0	0	0	100	0
GF11_B7_d74_colon	0	0	74.94234	0	25.05766	0
GF11_B8_d105_colon	61.75206	0	33.72111	0	4.52683	0
GF11_C1_COLON_D38	0	0	0	0	100	0
GF11_C1_D36	4.52859	0	20.02382	0	75.44759	0
GF11_C1_d71	1.23929	0	6.26949	0	92.49122	0
GF11_C1_d74_colon	0	0	70.78273	0	29.21727	0
GF11_C2_COLON_D38	0	0	0	0	0	0
GF11_C2_D37	0	0	5.52805	0	94.47195	0
GF11_C2_d71	0.80053	0	2.49355	0	96.70592	0
GF11_C2_d72	0.26679	0	3.21062	0	96.52259	0
GF11_C2_d74_colon	0	0	90.72472	0	9.27528	0
GF11_C3_COLON_D38	0	0	0	0	100	0
GF11_C3_D35	0.47489	0	1.35672	0	98.16839	0
GF11_C3_D36	5.08537	0	17.43384	0	77.48079	0
GF11_C3_d71	0	0	0	0	100	0
GF11_C3_d74_colon	0	0	66.85723	0	33.14277	0
GF11_C4_COLON_D38	0	0	0	0	100	0
GF11_C4_D35	3.06099	0	12.65621	0	84.2828	0
GF11_C4_D36	2.51938	0	10.15076	0	87.32986	0
GF11_C4_d74_colon	0	0	50.33621	0	49.66379	0
GF11_C5_D37	0	0	7.53571	0	92.46429	0
GF11_C5_d71	0	0	20.43045	0	79.56955	0
GF11_C5_d72	0.85732	0	21.75682	0	77.38586	0
GF11_C5_d74_colon	0	0	60.28012	0	39.71988	0
GF11_C6_d71	3.97129	0	4.52806	0	91.50065	0
GF11_C6_d72	1.85678	0	2.85616	0	95.28705	0
GF11_C6_d74_colon	0	0	79.68391	0	20.31609	0
GF11_C7_d71	1.9835	0	1.52821	0	96.4883	0
GF11_C7_d72_colon	2.44324	0	0	0	97.55676	0
GF11_INOC	14.47768	0	57.80096	0	27.72136	0
GF12_A_dam_d1	0	0	0	0	0	0
GF12_A_dam_d21	9.03382	0	90.96618	0	0	0
GF12_A_Dam_d85	0	0	100	0	0	0
GF12_A1_d31	0	0	100	0	0	0
GF12_A1_d32_colon	0	0	0	0	0	0
GF12_A1_d76_colon	0	0	100	0	0	0
GF12_A2_d32	0	0	100	0	0	0
GF12_A2_d34_colon	0	0	7.49666	0	92.50334	0
GF12_A2_d76_colon	0	0	100	0	0	0
GF12_A3_d31	0	0	100	0	0	0
GF12_A3_d32_colon	0	0	0	0	0	0
GF12_A3_d76_colon	0	0	100	0	0	0
GF12_A4_d31	0	0	100	0	0	0
GF12_A4_d32	0	0	100	0	0	0
GF12_A4_d34_colon	0	0	100	0	0	0
GF12_A4_d76_colon	0	0	100	0	0	0
GF12_A5_d34_colon	0	0	100	0	0	0
GF12_A5_d76_colon	0	0	100	0	0	0
GF12_A6_d76_colon	0	0	100	0	0	0
GF12_A7_d76_colon	0	0	100	0	0	0
GF12_A8_d76_colon	0	0	100	0	0	0
GF12_B_Dam_d0	0	0	0	0	0	0
GF12_B1_d79	0	0	100	0	0	0
GF12_B1_d82_colon	0	0	0	0	0	0
GF12_B2_d32	0	0	100	0	0	0
GF12_B2_d34_colon	0	0	0	0	0	0
GF12_B2_d79	0	0	100	0	0	0
GF12_B2_d81	0	0	100	0	0	0
GF12_B2_d82_colon	0	0	100	0	0	0
GF12_B3_d31	0	0	100	0	0	0
GF12_B3_d32	0	0	0	0	0	0
GF12_B3_d34_colon	0	0	0	0	0	0
GF12_B3_d80	0	0	100	0	0	0
GF12_B3_d82_colon	0	0	0	0	0	0
GF12_B4_d31	0	0	100	0	0	0
GF12_B4_d34_colon	0	0	0	0	0	0
GF12_B4_d79	0	0	100	0	0	0
GF12_B5_d79	0	0	100	0	0	0
GF12_B5_d82_colon	0	0	0	0	0	0
GF12_B6_d82_colon	0	0	0	0	0	0
GF12_C1_d31_colon	0	0	0	0	0	0
GF12_C1_d79	0	0	100	0	0	0
GF12_C1_d82_colon	0	0	100	0	0	0
GF12_C1_d92_colon	0	0	0	0	0	0
GF12_C2_d31	0	0	100	0	0	0
GF12_C2_d32_colon	0	0	0	0	0	0
GF12_C2_d79	0	0	100	0	0	0
GF12_C2_d92_colon	0	0	0	0	0	0
GF12_C3_d31	0	0	100	0	0	0
GF12_C3_d34_colon	0	0	0	0	0	0
GF12_C3_d79	0	0	100	0	0	0
GF12_C3_d80_colon	0	0	100	0	0	0
GF12_C3_d92_colon	0	0	0	0	0	0
GF12_C4_d31	0	0	100	0	0	0
GF12_C4_d80_colon	0	0	0	0	0	0
GF12_C4_d80	0	0	0	0	0	0
GF12_C4_d92_colon	0	0	0	0	0	0
GF12_C5_d31_colon	0	0	0	0	0	0
GF12_C5_d79	0	0	100	0	0	0
GF12_C5_d80_colon	0	0	0	0	0	0
GF12_Inoc	0	0	100	0	0	0
GF13_A1_d32	0	0	0	0	100	0
GF13_A1_d34	0	0	0	0	100	0
GF13_A1_d35_colon	0	0	0	0	0	0
GF13_A1_d65_colon	0	0	63.63694	0	36.36306	0
GF13_A10_d65_colon	0	0	72.09778	0	27.90222	0
GF13_A2_d32	0	0	0	0	100	0
GF13_A2_d35_colon	0	0	0	0	0	0
GF13_A2_d65_colon	0	0	63.73415	0	36.26585	0
GF13_A3_d32	0	0	0	0	100	0
GF13_A3_d35_colon	0	0	0	0	0	0
GF13_A3_d65_colon	0	0	78.38921	0	21.61079	0
GF13_A4_d32	0	0	0	0	100	0
GF13_A4_d35_colon	0	0	0	0	0	0
GF13_A4_d65_colon	0	0	74.79494	0	25.20506	0
GF13_A5_d32	0	0	0	0	100	0
GF13_A5_d35_colon	0	0	0	0	0	0
GF13_A5_d65_colon	0	0	76.30108	0	23.69892	0
GF13_A6_d32	0	0	0	0	100	0
GF13_A6_d34	0	0	0	0	100	0
GF13_A6_d35_colon	0	0	0	0	0	0
GF13_A6_d65_colon	0	0	68.09134	0	31.90866	0
GF13_A7_d65_colon	0	0	74.74197	0	25.25803	0
GF13_A8_d65_colon	0	0	73.84986	0	26.15014	0
GF13_A9_d65_colon	0	0	77.95631	0	22.04369	0
GF13_B1_d32	0	0	0	0	100	0
GF13_B1_d65_colon	0	0	0	0	100	0
GF13_B2_d32	0	0	0	0	100	0
GF13_B2_d35_colon	0	0	56.10396	0	43.89604	0
GF13_B2_d65_colon	0	0	0	0	0	0
GF13_B3_d32	0	0	0	0	100	0
GF13_B3_d34	0	0	5.27489	0	94.72511	0
GF13_B3_d35_colon	0	0	81.70453	0	18.29547	0
GF13_B3_d65_colon	0	0	0	0	100	0
GF13_B4_d32	0	0	0	0	100	0
GF13_B4_d35_colon	0	0	58.38433	0	41.61567	0
GF13_B4_d65_colon	0	0	0	0	0	0
GF13_B5_d32	0	0	0	0	100	0
GF13_B5_d35_colon	0	0	34.7108	0	65.2892	0
GF13_B5_d65_colon	0	0	0	0	100	0
GF13_B6_d65_colon	0	0	0	0	0	0
GF13_B7_d65_colon	0	0	0	0	0	0
GF13_B8_d65_colon	0	0	3.79619	0	96.20381	0
GF13_B9_d65_colon	0	0	0	0	100	0
GF13_inoc_200118	5.19493	0	66.7195	0	28.08557	0
GF14_A_d66_stool	7.4567	0	84.62694	0	7.91636	0
GF14_A_Dam_d0	0	0	0	0	0	0
GF14_A_Dam_d21	0	0	91.36878	0	8.63122	0
GF14_A1_d32	0	0	6.81547	0	93.18453	0
GF14_A1_d35_colon	0	0	0	0	100	0
GF14_A1_d94_stool	0	0	4.68579	0	95.31421	0
GF14_A1_d95_stool	0	0	9.16641	0	90.83359	0
GF14_a1_d97_colon	0	0	0	0	100	0
GF14_A2_d32	0	0	5.53343	0	94.46657	0
GF14_A2_d33	0	0	6.08582	0	93.91418	0
GF14_A2_d35_colon	0	0	0	0	100	0
GF14_A2_d94_stool	0	0	0.08494	0	99.91506	0
GF14_A2_d96_16_stool	0	0	0	0	100	0
GF14_a2_d97_colon	0.10233	0	0	0	99.89767	0
GF14_A3_d32	0	0	9.13688	0	90.86312	0
GF14_A3_d35_colon	0	0	0	0	100	0
GF14_a3_d97_colon	0	0	0	0	100	0
GF14_A4_d32	0	0	1.10583	0	98.89417	0
GF14_A4_d33	0	0	0	0	100	0
GF14_A4_d34	0	0	100	0	0	0
GF14_A4_d35_colon	0	0	0	0	100	0
GF14_A4_d94_stool	0	0	0.72889	0	99.27111	0
GF14_A4_d95_stool	0	0	2.80511	0	97.19489	0
GF14_a4_d97_colon	0	0	0	0	100	0
GF14_A5_d32	0	0	2.98955	0	97.01045	0
GF14_A5_d35_colon	0	0	0	0	100	0
GF14_A5_d94_stool	0	0	0.52477	0	99.47523	0
GF14_A5_d96_16_stool	0	0	6.52686	0	93.47314	0
GF14_A5_d96_stool	0	0	4.87421	0	95.12579	0
GF14_a5_d97_colon	0	0	0	0	100	0
GF14_A6_d34_colon	0	0	2.4341	0	97.5659	0
GF14_A6_d94_stool	0	0	0.51928	0	99.48072	0
GF14_A6_d95_stool	0	0	8.41103	0	91.58897	0
GF14_A6_d96_16_stool	0	0	13.34921	0	86.65079	0
GF14_a6_d97_colon	0	0	0	0	100	0
GF14_A7_d32	0	0	2.62298	0	97.37702	0
GF14_A7_d34	0	0	0	0	100	0
GF14_A7_d35_colon	0	0	0	0	100	0
GF14_A7_d94_stool	0	0	1.7097	0	98.2903	0
GF14_A7_d95_stool	0	0	4.00457	0	95.99543	0
GF14_a7_d97_colon	0	0	0	0	100	0
GF14_A8_d94_stool	0	0	2.08312	0	97.91688	0
GF14_A8_d96_16_stool	0	0	11.862	0	88.138	0
GF14_A8_d96_stool	0	0	7.017	0	92.983	0
GF14_a8_d97_colon	0	0	0	0	100	0
GF14_Adam_d18_stool	0	0	81.95323	0	18.04677	0
GF14_Adam_d5_stool	0	0	86.01293	0	13.98707	0
GF14_Adam_d51_stool	0	0	87.34503	0	12.65497	0
GF14_Adam_d59_stool	0	0	87.80648	0	12.19352	0
GF14_Adam_d78_stool	0	0	88.55654	0	11.44346	0
GF14_Adam_d9_stool	0	0	72.47066	0	27.52934	0
GF14_B_d0_stool	0	0	0	0	0	0
GF14_B_d66_stool	0	0	89.20362	0	10.79638	0
GF14_B_d78_stool	0	0	91.55979	0	8.44021	0
GF14_b1_d95_colon	0	0	0	0	100	0
GF14_b2_d95_colon	0	0	67.50245	0	32.49755	0
GF14_b3_d95_colon	0	0	51.7695	0	48.2305	0
GF14_Bdam_d18_stool	0	0	84.71932	0	15.28068	0
GF14_Bdam_d5_stool	0	0	70.08454	0	29.91546	0
GF14_Bdam_d51_stool	0	0	81.85061	0	18.14939	0
GF14_Bdam_d59_stool	0	0	90.41297	0	9.58703	0
GF14_Bdam_d9_stool	0	0	80.82807	0	19.17193	0
GF14_C_d66_stool	7.84573	0	74.38124	0	17.77303	0
GF14_c_d78_stool	4.35464	0	85.0295	0	10.61586	0
GF14_c1_d130_colon	0	0	0.56755	0	99.43245	0
GF14_c2_d130_colon	0	0	0.16994	0	99.83006	0
GF14_c3_d130_colon	0	0	0.03334	0	99.96666	0
GF14_Cdam_d18_stool	5.58039	0	84.54229	0	9.87732	0
GF14_cdam_d5_stool	0	0	80.52164	0	19.47836	0
GF14_Cdam_d51_stool	1.52863	0	85.67646	0	12.79491	0
GF14_Cdam_d59_stool	3.0847	0	88.55792	0	8.35738	0
GF14_Cdam_d9_stool	0.31647	0	81.02769	0	18.65584	0
GF14_d67_A1_stool	0	0	0.18321	0	99.81679	0
GF14_d67_A2_stool	0	0	0	0	0	0
GF14_d67_A3_stool	0	0	0	0	100	0
GF14_d67_A4_stool	0	0	0	0	100	0
GF14_d67_A5_stool	0	0	0	0	100	0
GF14_d67_A6_stool	0	0	0	0	100	0
GF14_d67_A7_stool	0	0	0	0	100	0
GF14_d67_A8_stool	0	0	0	0	100	0
GF14_d67_A9_stool	0	0	0	0	100	0
GF14_d68_A1_colon	0	0	0	0	100	0
GF14_d68_A10_colon	0	0	0.73926	0	99.26074	0
GF14_d68_A2_colon	0	0	0	0	100	0
GF14_d68_A3_colon	0	0	0	0	100	0
GF14_d68_A4_colon	0	0	1.28748	0	98.71252	0
GF14_d68_A5_colon	0	0	0	0	100	0
GF14_d68_A6_colon	0	0	0	0	100	0
GF14_d68_A7_colon	0	0	0	0	100	0
GF14_d68_A8_colon	0	0	0	0	100	0
GF14_d68_A9_colon	0	0	0	0	100	0
GF14_d89_B1_stool	0	0	3.98961	0	96.01039	0
GF14_d89_B2_stool	0	0	2.43418	0	97.56582	0
GF14_d89_B3_stool	0	0	2.52327	0	97.47673	0
GF14_d90_B2_stool	0	0	4.42844	0	95.57156	0
GF14_d90_B3_stool	0	0	4.78069	0	95.21931	0
GF14_d91_B2_stool	0	0	1.53307	0	98.46693	0
GF14_INOC	0.07584	0	33.22695	0	66.69721	0
GF15_A_Dam_d0	0	0	0	0	0	0
GF15_A_Dam_d21	69.24741	0	28.39211	0	2.36049	0
GF15_a1_d106_stool	2.36014	0	5.13931	0	92.50055	0
GF15_A1_d108_colon	0	0	0	0	100	0
GF15_A1_d32	0	0	0	0	0	0
GF15_A1_d35_colon	0	0	0	0	100	0
GF15_A1_d72_stool	1.83142	0	12.75018	0	85.4184	0
GF15_a1_d74_colon	0	0	0	0	0	0
GF15_a2_d105_stool	9.05494	0	9.68665	0	81.25841	0
GF15_a2_d106_stool	5.92582	0	26.98904	0	67.08513	0
GF15_A2_d108_colon	0.99325	0	0	0	99.00675	0
GF15_A2_d32	0	0	0	0	100	0
GF15_a3_d105_stool	11.68336	0	3.36545	0	84.95119	0
GF15_A3_d108_colon	1.71166	0	0	0	98.28834	0
GF15_A3_d32	0	0	0	0	100	0
GF15_A3_d33	0	0	0	0	0	0
GF15_A3_d35_colon	100	0	0	0	0	0
GF15_a3_d74_colon	0	0	0	0	0	0
GF15_a4_d105_stool	0.77304	0	0.51238	0	98.71458	0
GF15_A4_d108_colon	1.39055	0	0	0	98.60945	0
GF15_A4_d32	2.47262	0	5.22053	0	92.30685	0
GF15_a5_d105_stool	2.12712	0	15.23353	0	82.63935	0
GF15_A5_d108_colon	1.34013	0	0	0	98.65987	0
GF15_A5_d32	1.40356	0	2.97346	0	95.62298	0
GF15_A5_d35_colon	0	0	100	0	0	0
GF15_a5_d71_colon	0	0	0	0	0	0
GF15_a6_d105_stool	0.57734	0	5.10244	0	94.32022	0
GF15_A6_d108_colon	0	0	0	0	100	0
GF15_A6_d32_colon	0	0	0	0	100	0
GF15_a6_d74_colon	0	0	0	0	0	0
GF15_A7_d108_colon	5.3241	0	0	0	94.6759	0
GF15_a7_d74_colon	100	0	0	0	0	0
GF15_a8_d105_stool	0.48668	0	13.70005	0	85.81328	0
GF15_A8_d108_colon	1.24545	0	0	0	98.75455	0
GF15_a8_d74_colon	0	0	0	0	0	0
GF15_a9_d105_stool	0.425	0	2.21925	0	97.35575	0
GF15_a9_d106_stool	2.18737	0	15.25278	0	82.55986	0
GF15_A9_d108_colon	1.29161	0	0	0	98.70839	0
GF15_adam_d11_stool	82.60084	0	14.67236	0	2.72679	0
GF15_adam_d18_stool	75.45995	0	20.97248	0	3.56757	0
GF15_Adam_d5_stool	80.99398	0	15.16711	0	3.83891	0
GF15_b_d5_stool	100	0	0	0	0	0
GF15_B1_d32	2.61814	0	7.94493	0	89.43693	0
GF15_B1_d35_colon	0	0	0	0	100	0
GF15_B1_d94_stool	0.12142	0	0.96787	0	98.91072	0
GF15_b1_d97_colon	0	0	0	0	100	0
GF15_b10_d94_stool	0	0	0	0	100	0
GF15_B10_d97_colon	0	0	0	0	100	0
GF15_B2_d32	2.10322	0	5.98682	0	91.90997	0
GF15_B2_d33	2.97421	0	6.91896	0	90.10683	0
GF15_B2_d35_colon	0	0	0	0	100	0
GF15_b2_d94_stool	0.30691	0	3.97744	0	95.71565	0
GF15_b2_d95_stool	1.10231	0	18.43296	0	80.46473	0
GF15_b2_d97_colon	0	0	0	0	100	0
GF15_B3_d34	0	0	0	0	100	0
GF15_B3_d35_colon	0	0	0	0	100	0
GF15_b3_d94_stool	0	0	0.09261	0	99.90739	0
GF15_b3_d97_colon	0	0	0	0	100	0
GF15_b4_d106_stool	1.63526	0	17.02664	0	81.3381	0
GF15_B4_d32	1.20736	0	6.10432	0	92.68832	0
GF15_B4_d33	1.44397	0	6.42663	0	92.1294	0
GF15_B4_d34	0	0	0	0	100	0
GF15_B4_d35_colon	0.09888	0	0	0	99.90112	0
GF15_b4_d96_stool	0	0	0.33864	0	99.66136	0
GF15_b4_d97_colon	0	0	51.62486	0	48.37514	0
GF15_b5_d107_stool	1.71679	0	7.76997	0	90.51324	0
GF15_B5_d32	1.35107	0	0.50869	0	98.14024	0
GF15_B5_d35_colon	0	0	0	0	100	0
GF15_b5_d94_stool	0.13788	0	0.06894	0	99.79318	0
GF15_b5_d95_stool	0.99496	0	9.96499	0	89.04004	0
GF15_b5_d97_colon	0	0	0	0	100	0
GF15_B6_d32	0.11474	0	0	0	99.88526	0
GF15_B6_d34_colon	0	0	0	0	100	0
GF15_b6_d94_stool	0.1402	0	0.11953	0	99.74027	0
GF15_b6_d95_stool	0.13277	0	0.76838	0	99.09885	0
GF15_b6_d97_colon	0	0	0	0	100	0
GF15_B7_d32	0	0	0	0	100	0
GF15_B7_d33	0	0	0	0	0	0
GF15_B7_d35_colon	0	0	0	0	100	0
GF15_b7_d97_colon	0	0	0	0	100	0
GF15_b8_d94_stool	1.79888	0	0.69763	0	97.50349	0
GF15_b8_d97_colon	0	0	0	0	100	0
GF15_b9_d106_stool	1.33937	0	0.09641	0	98.56422	0
GF15_b9_d94_stool	1.27245	0	3.03297	0	95.69458	0
GF15_B9_d97_colon	0	0	0	0	100	0
GF15_bdam_d18_stool	65.74315	0	29.83756	0	4.41929	0
GF15_c_d18_stool	72.98868	0	23.21837	0	3.79295	0
GF15_c1_d105_stool	0	0	1.8283	0	98.1717	0
GF15_c1_d108_colon	0.75489	0	0.20128	0	99.04383	0
GF15_C1_d36	0.57349	0	42.93361	0	56.4929	0
GF15_C1_d37	2.13341	0	11.87903	0	85.98756	0
GF15_C1_d39_colon	0	0	0	0	100	0
GF15_c1_d74_colon	0	0	0	0	100	0
GF15_c2_d105_stool	0.0782	0	4.48893	0	95.43287	0
GF15_c2_d108_colon	1.03642	0	0.1436	0	98.81998	0
GF15_C2_d36	0	0	9.21021	0	90.78979	0
GF15_C2_d37	1.27179	0	9.15402	0	89.57418	0
GF15_C2_d39_colon	0	0	0	0	100	0
GF15_c2_d73_16_stool	0	0	0	0	100	0
GF15_c2_d74_colon	0	0	0	0	100	0
GF15_c3_d108_colon	0.82048	0	0	0	99.17952	0
GF15_C3_d36	0.62802	0	7.48336	0	91.88862	0
GF15_C3_d39_colon	0	0	0	0	100	0
GF15_c4_d105_stool	0.41471	0	13.386	0	86.1993	0
GF15_c4_d108_colon	0.90803	0	0.01964	0	99.07233	0
GF15_C4_d36	0.59226	0	2.46018	0	96.94756	0
GF15_C4_d37	1.42075	0	2.42882	0	96.15042	0
GF15_C4_d38	0	0	0	0	100	0
GF15_C4_d39_colon	0	0	0	0	100	0
GF15_c4_d73_stool	0.0756	0	0.25995	0	99.66445	0
GF15_c4_d74_colon	0	0	0	0	100	0
GF15_c5_d105_stool	1.3294	0	6.26884	0	92.40176	0
GF15_c5_d108_colon	2.02025	0	0	0	97.97975	0
GF15_C5_d36	0.10864	0	29.15074	0	70.74062	0
GF15_C5_d37	0.8768	0	20.72677	0	78.39643	0
GF15_C5_d39_colon	0	0	0	0	100	0
GF15_c5_d71_stool	73.15538	0	6.76672	0	20.0779	0
GF15_c5_d74_colon	0	0	0	0	100	0
GF15_c6_d105_stool	0.1158	0	5.4137	0	94.4705	0
GF15_c6_d108_colon	2.58141	0	0	0	97.41859	0
GF15_C6_d36	0.3967	0	8.03343	0	91.56987	0
GF15_C6_d39_colon	0	0	0	0	100	0
GF15_c6_d71_stool	2.43546	0	0.38699	0	97.17756	0
GF15_C6_d72_stool	1.17734	0	0.74597	0	98.0767	0
GF15_c6_d74_colon	0	0	0	0	100	0
GF15_c7_d105_stool	0	0	0.67866	0	99.32134	0
GF15_c7_d108_colon	1.99122	0	0	0	98.00878	0
GF15_c7_d72_stool	2.12828	0	0.6453	0	97.22642	0
GF15_c7_d74_colon	0	0	0	0	100	0
GF15_c8_d108_colon	0.63461	0	0	0	99.36539	0
GF15_c8_d74_colon	0	0	0	0	100	0
GF15_c9_d108_colon	0.24938	0	16.14859	0	83.60203	0
GF15_cdam_d11_stool	78.81169	0	17.77769	0	3.41062	0
GF15_cdam_d23_stool	82.26897	0	16.94438	0	0.78665	0
GF15_cdam_d5_stool	75.3763	0	16.55165	0	8.07205	0
GF15_cdam_d59_stool	46.15229	0	48.35148	0	5.49624	0
GF15_d67_B1_stool	0.31414	0	4.45422	0	95.23164	0
GF15_d67_B2_stool	0.68199	0	0.04833	0	99.26968	0
GF15_d67_B3_stool	1.7919	0	2.64366	0	95.56444	0
GF15_d67_B4_stool	0.91866	0	0	0	99.08134	0
GF15_d67_B5_stool	1.91235	0	0.44765	0	97.64	0
GF15_d67_B6_stool	0.09244	0	0	0	99.90756	0
GF15_d67_B7_stool	0	0	0.0882	0	99.9118	0
GF15_d67_B8_stool	0.25129	0	0.32873	0	99.41998	0
GF15_d68_B1_colon	0	0	5.09173	0	94.90827	0
GF15_d68_B2_stool	0.44779	0	0.05543	0	99.49678	0
GF15_d68_B5_colon	0	0	0	0	100	0
GF15_d68_B8_stool	0.40566	0	1.54621	0	98.04813	0
GF15_d69_B2_stool	0	0	0	0	100	0
GF15_d69_B9_stool	0	0	0	0	100	0
GF15_d70_B2_colon	0	0	0	0	100	0
GF15_d70_B4_colon	0	0	0	0	100	0
GF15_d70_B6_colon	0	0	0	0	100	0
GF15_d70_B7_colon	0	0	0	0	100	0
GF15_d70_B8_colon	0	0	0	0	100	0
GF15_d70_B9_colon	0	0	0	0	100	0
GF15_d71_A1_stool	0.68593	0	0.11866	0	99.19541	0
GF15_d71_A3_stool	0.89046	0	11.51468	0	87.59486	0
GF15_d71_A4_stool	0	0	0	0	100	0
GF15_d71_A5_stool	0	0	0	0	100	0
GF15_d71_A6_stool	0.83377	0	1.37374	0	97.7925	0
GF15_d71_A7_stool	0.72189	0	0.711	0	98.56711	0
GF15_d71_A8_stool	2.3082	0	2.48143	0	95.21037	0
GF15_d71_C2_stool	0.73952	0	8.23437	0	91.02612	0
GF15_d71_C3_stool	0.56724	0	16.75145	0	82.68131	0
GF15_d71_C4_stool	0.22622	0	0	0	99.77378	0
GF15_INOC	28.1213	0	68.22772	0	3.65098	0
GF16_A1_d32	0	0	51.40762	0	48.59238	0
GF16_A1_d35_colon	100	0	0	0	0	0
GF16_A2_d32	0	0	100	0	0	0
GF16_A2_d35_colon	0	0	56.05929	0	43.94071	0
GF16_A3_d32	0	0	89.10817	0	10.89183	0
GF16_A3_d34	0	0	84.80141	0	15.19859	0
GF16_A3_d35_colon	0	0	100	0	0	0
GF16_a4_d100_stool	0	0	66.42964	0	33.57036	0
GF16_A4_d32	0	0	58.63305	0	41.36695	0
GF16_A4_d35_colon	0	0	0	0	0	0
GF16_A5_d32	0	0	100	0	0	0
GF16_A5_d35_colon	0	0	0	0	0	0
GF16_A6_d32	0	0	79.46103	0	20.53897	0
GF16_A6_d33	0	0	87.17244	0	12.82756	0
GF16_A6_d35_colon	0	0	100	0	0	0
GF16_A7_d32	0	0	73.01374	0	26.98626	0
GF16_A7_d34	0	0	96.46847	0	3.53153	0
GF16_A7_d35_colon	0	0	0	0	0	0
GF16_Adam_d21	0.88331	5.53117	93.58552	0	0	0
GF16_ADam_do	0	0	0	0	0	0
GF16_B1_d32	0	0	100	0	0	0
GF16_B1_d34	0	0	0	0	0	0
GF16_B1_d35_colon	0	0	0	0	0	0
GF16_B2_d32	0	0	100	0	0	0
GF16_B2_d34	4.09511	0	28.19028	0	67.71461	0
GF16_B3_d35_colon	0	0	0	0	0	0
GF16_B4_d35_colon	0	0	0	0	0	0
GF16_B5_d32	0	0	55.60949	0	44.39051	0
GF16_B5_d33_colon	0	0	70.72955	0	29.27045	0
GF16_B5_d33	0	0	0	0	0	0
GF16_B6_d32	0	0	82.83627	0	17.16373	0
GF16_B6_d35_colon	0	0	0	0	0	0
GF16_c1_d105_stool	0	0	99.5368	0	0.4632	0
GF16_C1_d34	0	0	100	0	0	0
GF16_C1_d35_colon	0	0	98.72347	0	1.27653	0
GF16_c1_d67_stool	0	0	58.2325	0	41.7675	0
GF16_c1_d69_stool	4.94169	0	95.05831	0	0	0
GF16_c10_d105_stool	0	0	100	0	0	0
GF16_c10_d106_stool	0	0	100	0	0	0
GF16_c2_d105_stool	0	0	100	0	0	0
GF16_C2_d32	0	0	94.1463	0	5.8537	0
GF16_C2_d35_colon	0	0	62.66687	0	37.33313	0
GF16_c2_d67_stool	0	0.12507	52.2654	0	47.60953	0
GF16_c2_d68_stool	0	0	65.62456	0	34.37544	0
GF16_c2_d69_stool	0	1.57038	76.46044	0	21.96918	0
GF16_c3_d105_stool	0	0.64712	93.24067	0	6.11221	0
GF16_C3_d32	0	0	70.86863	0	29.13137	0
GF16_C3_d33	0	0	50.02693	0	49.97307	0
GF16_C3_d35_colon	0	0	47.67286	0	52.32714	0
GF16_c3_d67_stool	0	0	30.65628	0	69.34372	0
GF16_c4_d105_stool	0	0	100	0	0	0
GF16_C4_d33	0	3.76533	86.25797	0	9.9767	0
GF16_C4_d34	0	0	100	0	0	0
GF16_C4_d35_colon	0	0	49.77859	0	50.22141	0
GF16_c4_d67_stool	0	0	44.4813	0	55.5187	0
GF16_c4_d69_stool	0	0	48.35033	0	51.64967	0
GF16_c5_d105_stool	0	0	100	0	0	0
GF16_C5_d32	0	0	83.41843	0	16.58157	0
GF16_C5_d35_colon	0	0	53.1508	0	46.8492	0
GF16_c5_d67_stool	0	0	64.27033	0	35.72967	0
GF16_c5_d68_stool	0	0	66.7494	0	33.2506	0
GF16_c6_d105_stool	0	0	97.11774	0	2.88226	0
GF16_c7_d105_stool	0	0	100	0	0	0
GF16_inoc_200622	2.06586	12.1128	85.82134	0	0	0
GF17_a1_d31_stool	0	0	1.19288	0	98.80712	0
GF17_a2_d31_stool	0	0	4.00741	0	95.99259	0
GF17_a3_d31_stool	0	0	1.50538	0	98.49462	0
GF17_a4_d31_stool	0	0	0.13742	0	99.86258	0
GF17_a5_d31_stool	0	0	0.35013	0	99.64987	0
GF17_a6_d31_stool	0	0	1.75527	0	98.24473	0
GF17_a7_d31_stool	0	0	0	0	100	0
GF17_b2_d31_stool	0	0	0.33582	0	99.66418	0
GF17_b3_d31_stool	0	0	0	0	100	0
GF17_b6_d31_stool	0	0	0.08218	0	99.91782	0
GF17_inoc_200903	1.26851	0	32.4877	0	66.24378	0
GF18_a1_d32_stool	0	0	2.08751	0	97.91249	0
GF18_a1_d33_stool	0	0	46.90977	0	53.09023	0
GF18_a1_d35_colon	0	0	100	0	0	0
GF18_a2_d33_stool	0	0	0.10537	0	99.89463	0
GF18_a2_d35_colon	90.00249	0	9.99751	0	0	0
GF18_a2_d54_colon	0	0	30.8562	0	69.1438	0
GF18_a3_d35_colon	0	0	31.4095	0	68.5905	0
GF18_a3_d54_colon	0	0	25.6658	0	74.3342	0
GF18_a4_d32_stool	0	0	1.68698	0	98.31302	0
GF18_a4_d33_stool	0	0	50.8927	0	49.1073	0
GF18_a4_d35_colon	0	0	100	0	0	0
GF18_a4_d54_colon	0.46864	0	1.29312	0	98.23824	0
GF18_a5_d54_colon	0	0	17.51872	0	82.48128	0
GF18_adam_d33_stoolsoln	0.13864	0	99.8014	0	0.05997	0
GF18_b1_d35_colon	0	0	0	0	0	0
GF18_b3_d32_stool	0	0	0.14947	0	99.85053	0
GF18_b3_d33_stool	0	0	12.16215	0	87.83785	0
GF18_b3_d35_colon	0	0	0	0	100	0
GF18_b4_d32_stool	0	0	1.80819	0	98.19181	0
GF18_b4_d35_colon	0	0	0.33294	0	99.66706	0
GF18_bdam_d33_stoolsoln	0	0	9.26088	0	90.73912	0
GF18_d0_innoculum	0	0	74.0706	0	25.9294	0
GF2_A_dam_d33	82.89008	0	17.10992	0	0	0
GF2_A_dam_day19	24.11772	0	72.04431	0	3.83797	0
GF2_A_dam_day29	50.71415	0	49.28585	0	0	0
GF2_A_day1_dad	0	0	78.60633	0	21.39367	0
GF2_A_day1_mom	0	0	55.76609	0	44.23391	0
GF2_A0	0	0	0	0	0	0
GF2_A1_d37	34.88534	0	61.82238	0	3.29228	0
GF2_A1_d39	0.25451	0	73.77395	0	25.97154	0
GF2_A1_day28	0	0	0.13491	0	99.86509	0
GF2_A1_day29	0.67832	0	2.76797	0	96.55371	0
GF2_A1_day30	0	0	0	0	100	0
GF2_A1_day31	11.84523	0	65.37927	0	22.77549	0
GF2_A1_day32	1.65389	0	7.43609	0	90.91001	0
GF2_A1_day41	7.67627	0	57.65977	0	34.66396	0
GF2_A1_day42	1.79555	0	26.16589	0	72.03856	0
GF2_A1_day44	1.2568	0	3.19177	0	95.55142	0
GF2_A1_Liver	0	0	0	0	0	0
GF2_A1_Spleen	0	0	0	0	0	0
GF2_A2_Colon	16.37148	0	12.29145	0	71.33706	0
GF2_A2_d36	1.69692	0	86.85608	0	11.447	0
GF2_A2_D37	2.30283	0	87.42191	0	10.27526	0
GF2_A2_d39	0.1319	0	86.55818	0	13.30992	0
GF2_A2_day28	0	0	0	0	100	0
GF2_A2_day29	0.16344	0	0.36273	0	99.47382	0
GF2_A2_day30	43.81059	0	45.72234	0	10.46707	0
GF2_A2_day31	0.34451	0	2.30904	0	97.34645	0
GF2_A2_day32	46.64562	0	46.73122	0	6.62315	0
GF2_A2_day34	31.52028	0	63.58295	0	4.89677	0
GF2_A2_day41	1.50241	0	69.74003	0	28.75756	0
GF2_A2_day42	3.20625	0	27.35096	0	69.44279	0
GF2_A2_day44	21.93835	0	27.95327	0	50.10838	0
GF2_A2_Liver	0	0	0	0	0	0
GF2_A2_Spleen	0	0	0	0	0	0
GF2_A25_N713	3.34193	0	91.5121	0	5.14597	0
GF2_A3_Colon	31.27407	0	25.51203	0	43.2139	0
GF2_A3_d37	14.38746	0	77.79282	0	7.81972	0
GF2_A3_d39	29.92258	0	55.96691	0	14.11051	0
GF2_A3_day28	0	0	0	0	100	0
GF2_A3_day30	41.36087	0	44.6795	0	13.95962	0
GF2_A3_day32	64.03964	0	27.84009	0	8.12027	0
GF2_A3_day41	48.09963	0	39.10805	0	12.79232	0
GF2_A3_day42	0.90822	0	5.37912	0	93.71266	0
GF2_A3_Liver	0	0	0	0	0	0
GF2_A3_Spleen	0	0	0	0	0	0
GF2_A4_Colon	2.84825	0	12.282	0	84.86975	0
GF2_A4_d36	55.64148	0	40.14715	0	4.21137	0
GF2_A4_d37	0.48198	0	82.13713	0	17.38089	0
GF2_A4_D39	0.4855	0	76.12085	0	23.39365	0
GF2_A4_day28	0	0	0.17214	0	99.82786	0
GF2_A4_day29	0.59705	0	2.64055	0	96.7624	0
GF2_A4_day30	52.73717	0	36.81647	0	10.44636	0
GF2_A4_day31	0	0	1.78832	0	98.21168	0
GF2_A4_day32	49.99856	0	40.97644	0	9.025	0
GF2_A4_day41	48.43964	0	47.67142	0	3.88894	0
GF2_A4_day42	11.27871	0	13.47251	0	75.24878	0
GF2_A4_day44	3.29974	0	9.88655	0	86.81371	0
GF2_A4_Liver	0	0	0	0	0	0
GF2_A4_Spleen	0	0	0	0	0	0
GF2_A5_Colon	5.69294	0	3.87004	0	90.43702	0
GF2_A5_d39	39.16276	0	47.654	0	13.18324	0
GF2_A5_day28	0	0	0	0	100	0
GF2_A5_day31	0.79856	0	19.41273	0	79.78871	0
GF2_A5_day32	0.59193	0	9.78022	0	89.62785	0
GF2_A5_day42	24.67441	0	28.57901	0	46.74658	0
GF2_A5_Liver	0	0	0	0	0	0
GF2_A5_Spleen	0	0	0	0	0	0
GF2_A6_Colon	0	0	22.5806	0	77.4194	0
GF2_A6_d33	36.69335	0	58.95339	0	4.35326	0
GF2_A6_d36	44.50396	0	52.51129	0	2.98475	0
GF2_A6_d37	4.17614	0	87.70529	0	8.11857	0
GF2_A6_D39	0.27811	0	82.83052	0	16.89137	0
GF2_A6_day28	0	0	0.75846	0	99.24154	0
GF2_A6_day29	1.29099	0	2.14621	0	96.5628	0
GF2_A6_day30	51.53101	0	35.96564	0	12.50334	0
GF2_A6_day31	17.27904	0	42.78957	0	39.93139	0
GF2_A6_day32	0	0	10.49628	0	89.50372	0
GF2_A6_day44	12.89691	0	72.87317	0	14.22992	0
GF2_A6_Liver	0	0	0	0	0	0
GF2_A6_Spleen	0	0	0	0	0	0
GF2_B_dam_d33	49.40654	0	48.02864	0	2.56482	0
GF2_B_dam_day19	43.99358	0	54.91695	0	1.08947	0
GF2_B_dam_day37	38.13328	0	61.00693	0	0.85979	0
GF2_B_day1_dad	0	0	84.33682	0	15.66318	0
GF2_B_day1_mom	0	0	68.1098	0	31.8902	0
GF2_B_Sire_day23	41.65161	0	56.84153	0	1.50686	0
GF2_B0	0	0	0	0	0	0
GF2_B1_d34	52.42429	0	43.16536	0	4.41035	0
GF2_B1_d35	9.99139	0	86.79632	0	3.21229	0
GF2_B1_day29	33.43889	0	43.27786	0	23.28325	0
GF2_B1_day32	41.43498	0	52.92582	0	5.63919	0
GF2_B1_day37	50.66664	0	47.45749	0	1.87587	0
GF2_B1_day41	48.14428	0	42.92635	0	8.92937	0
GF2_B1_day44	22.46866	0	60.41169	0	17.11965	0
GF2_B1_Liver	0	0	0	0	0	0
GF2_B1_Spleen	0	0	0	0	0	0
GF2_B2_d35	37.26765	0	58.44345	0	4.2889	0
GF2_B2_day27	1.27159	0	3.65297	0	95.07544	0
GF2_B2_day28	1.18433	0	4.67404	0	94.14163	0
GF2_B2_day29	2.22375	0	31.95907	0	65.81719	0
GF2_B2_day30	2.26456	0	77.71084	0	20.02459	0
GF2_B2_day31	0.56887	0	96.67588	0	2.75525	0
GF2_B2_day37	48.0216	0	48.95967	0	3.01872	0
GF2_B2_day41	20.51453	0	26.42921	0	53.05626	0
GF2_B2_day44	39.32985	0	45.20794	0	15.4622	0
GF2_B2_Liver	0	0	0	0	0	0
GF2_B2_Spleen	0	0	0	0	0	0
GF2_B3_COLON	0	0	0	0	0	0
GF2_B3_d35	0.5903	0	90.37602	0	9.03369	0
GF2_B3_day27	1.19857	0	3.88734	0	94.91409	0
GF2_B3_day28	1.11578	0	15.50388	0	83.38033	0
GF2_B3_day31	0.90685	0	92.74387	0	6.34928	0
GF2_B3_day37	46.57987	0	51.42264	0	1.99749	0
GF2_B3_day41	54.65444	0	39.2263	0	6.11926	0
GF2_B3_day44	1.55405	0	65.54383	0	32.90212	0
GF2_B3_Liver	0	0	0	0	0	0
GF2_B3_Spleen	0	0	0	0	0	0
GF2_B4_d35	0	0	92.88223	0	7.11777	0
GF2_B4_day27	1.42458	0	2.97998	0	95.59544	0
GF2_B4_day28	48.09335	0	44.57955	0	7.32709	0
GF2_B4_day29	2.83389	0	33.17895	0	63.98716	0
GF2_B4_day32	26.4753	0	70.71611	0	2.80859	0
GF2_B4_day37	38.95564	0	60.29339	0	0.75097	0
GF2_B4_day41	0	0	0.02233	0	99.97767	0
GF2_B5_d34	49.23939	0	48.36896	0	2.39165	0
GF2_B5_d35	36.78445	0	60.04452	0	3.17103	0
GF2_B5_day27	43.15546	0	48.26363	0	8.58092	0
GF2_B5_day28	1.59401	0	19.92412	0	78.48187	0
GF2_B5_day29	6.68135	0	43.64123	0	49.67742	0
GF2_B5_day30	0.55838	0	87.21844	0	12.22318	0
GF2_B5_day31	0.22288	0	93.94821	0	5.82891	0
GF2_B5_day37	55.30461	0	41.24701	0	3.44838	0
GF2_B5_day41	22.38218	0	27.37456	0	50.24326	0
GF2_B5_day44	54.47174	0	41.62771	0	3.90055	0
GF2_B5_Spleen	0	0	0	0	0	0
GF2_colon_A1_day45	5.00538	0	8.2424	0	86.75222	0
GF2_colon_B1_day44	7.3654	0	81.32045	0	11.31415	0
GF2_colon_B2_day44	8.5868	0	78.86131	0	12.55188	0
GF2_colon_B3_day44	34.56595	0	22.15732	0	43.27673	0
GF2_colon_B5_day44	9.78818	0	77.85961	0	12.3522	0
GF2_Inoc	23.96745	0	69.04384	0	6.98871	0
GF20_d0_inoc	20.16001	0	78.61499	0	1.225	0
GF20_d123_b10	0	0	0	0	0	0
GF20_d127_a1	0	0	0	0	100	0
GF20_d127_a2	0	0	0	0	100	0
GF20_d127_a3	0	0	0	0	100	0
GF20_d127_a4	0	0	0	0	0	0
GF20_d127_a5	0	0	0	0	100	0
GF20_d127_a6	0	0	0	0	100	0
GF20_d127_a7	0	0	0	0	100	0
GF20_d127_a8	0	0	0	0	0	0
GF20_d127_a9	0	0	0	0	100	0
GF20_d127_b1	0	0	0	0	0	0
GF20_d127_b2	0	0	0	0	0	0
GF20_d127_b5	0	0	0	0	0	0
GF20_d127_b6	0	0	0	0	0	0
GF20_d127_b8	0	0	0	0	0	0
GF20_d140_c1	0	0	0	0	0	0
GF20_d140_c3	0	0	0	0	0	0
GF20_d140_c5	0	0	0	0	0	0
GF20_d140_c6	0	0	0	0	0	0
GF20_d140_c7	0	0	0	0	0	0
GF20_d140_c8	0	0	0	0	100	0
GF20_d140_c9	0	0	0	0	0	0
GF20_d161_b2	0.03116	0	0.13114	0	99.8377	0
GF20_d161_b4	1.12052	0	1.08975	0	97.78972	0
GF20_d161_b6	0	0	0	0	100	0
GF20_d161_b8	0.06769	0	0.36998	0	99.56232	0
GF20_d164_b1	0	0	1.65474	0	98.34526	0
GF20_d164_b2	0	0	0	0	100	0
GF20_d164_b3	0	0	0	0	100	0
GF20_d164_b4	0	0	0	0	100	0
GF20_d164_b5	0	0	0	0	100	0
GF20_d164_b6	0	0	0	0	100	0
GF20_d164_b7	0	0	0	0	100	0
GF20_d164_b8	0	0	0	0	100	0
GF20_d164_b9	0	0	0	0	100	0
GF20_d167_damb	0	0	1.15517	0	98.84483	0
GF20_d170_c1	0	0	0	0	100	0
GF20_d170_c2	0	0	0	0	100	0
GF20_d170_c5	0	0	0	0	100	0
GF20_d170_c6	0	0	0	0	100	0
GF20_d170_c7	0	0	0	0	100	0
GF20_d170_c8	0	0	0	0	100	0
GF20_d170_c9	0	0	0	0	100	0
GF20_d33_a3	1.27753	0	91.24164	0	7.48083	0
GF20_d33_a4	1.38273	0	3.14646	0	95.47082	0
GF20_d33_a5	1.64774	0	2.40853	0	95.94373	0
GF20_d33_b2	0.106	0	13.47497	0	86.41904	0
GF20_d33_b3	0	0	0.52866	0	99.47134	0
GF20_d33_b4	0.51042	0	7.7848	0	91.70478	0
GF20_d34_a2	0	0	0	0	100	0
GF20_d34_a4	1.12183	0	2.86262	0	96.01555	0
GF20_d34_b3	0.94969	0	1.12054	0	97.92976	0
GF20_d35_a2	0.2797	0	0	0	99.7203	0
GF20_d35_a3	0	0	0	0	100	0
GF20_d35_b5	0	0	0	0	0	0
GF20_d36_a1	0	0	0	0	100	0
GF20_d36_a2	0	0	0	0	100	0
GF20_d36_a3	0	0	0	0	100	0
GF20_d36_a4	0	0	0	0	100	0
GF20_d36_a5	0	0	0	0	100	0
GF20_d36_b1	0	0	0	0	0	0
GF20_d36_b3	0	0	0	0	0	0
GF20_d36_b4	0	0	0	0	0	0
GF20_d36_b5	0	0	0	0	100	0
GF20_d39_dama	59.35703	0	36.65362	0	3.98936	0
GF20_d39_damc	55.59426	0	41.80334	0	2.60239	0
GF20_d40_c1	0	0	0	0	0	0
GF20_d40_c2	0	0	0	0	0	0
GF20_d40_c3	0	0	100	0	0	0
GF20_d40_c4	0	0	0	0	0	0
GF20_d40_c5	0	0	26.74963	0	73.25037	0
GF20_d40_c6	0	0	0	0	100	0
GF20_d66_c1	0	0	20.58222	0	79.41778	0
GF20_d66_c10	0	0	44.7189	0	55.2811	0
GF20_d66_c2	0	0	15.22996	0	84.77004	0
GF20_d66_c3	0	0	29.194	0	70.806	0
GF20_d66_c4	0	0	40.26183	0	59.73817	0
GF20_d66_c5	0	0	15.62125	0	84.37875	0
GF20_d66_c6	0.22339	0	20.60943	0	79.16718	0
GF20_d66_c7	0	0	52.31344	0	47.68656	0
GF20_d66_c8	0	0	22.28663	0	77.71337	0
GF20_d66_c9	0	0	48.06413	0	51.93587	0
GF20_d68_b2	0	0	0	0	100	0
GF20_d68_b3	1.08043	0	1.24698	0	97.67258	0
GF20_d68_b4	0	0	0	0	100	0
GF20_d68_b5	0	0	0	0	100	0
GF20_d68_b6	0	0	0	0	100	0
GF20_d68_b7	0	0	0	0	100	0
GF20_d68_b8	0	0	0	0	100	0
GF20_d75_dama	58.5578	0	38.48917	0	2.95303	0
GF20_d75_damc	3.10304	0	72.20633	0	24.69063	0
GF20_d81_a1	0	0	20.99192	0	79.00808	0
GF20_d81_a2	0	0	16.12355	0	83.87645	0
GF20_d81_a3	0	0	0	0	100	0
GF20_d81_a4	0	0	10.49547	0	89.50453	0
GF20_d81_a5	0	0	41.94107	0	58.05893	0
GF20_d81_a6	0	0	23.33675	0	76.66325	0
GF20_d81_a7	0.02664	0	35.03907	0	64.93429	0
GF20_d89_b2	0	0	56.37539	0	43.62461	0
GF20_d89_b3	0	0	0	0	100	0
GF20_d89_b4	0	0	0	0	0	0
GF20_d89_b5	0	0	100	0	0	0
GF20_d89_b6	0	0	1.37208	0	98.62792	0
GF20_d89_b7	0	0	0	0	0	0
GF23_d0__inoc	5.39813	0	40.59132	0	54.01054	0
GF23_d0_dama	0	0	0	0	0	0
GF23_d0_damb	0	0	0	0	0	0
GF23_d0_damc	0	0	0	0	0	0
GF23_d10_dama	36.73312	0	56.70336	0	6.56352	0
GF23_d10_damb	29.09507	0	59.46016	0	11.44476	0
GF23_d10_damc	0	0	0	0	0	0
GF23_d17_dama	14.72056	0	78.18715	0	7.09229	0
GF23_d17_damb	15.78471	0	76.67086	0	7.54442	0
GF23_d17_damc	15.66296	0	76.71889	0	7.61815	0
GF23_d19_dama	0	0	0	0	0	0
GF23_d32_dama	0	0	0	0	0	0
GF23_d32_damb	14.58493	0	81.17144	0	4.24363	0
GF23_d32_damc	0	0	0	0	0	0
GF23_d35_c1	0	0	0	0	0	0
GF23_d36_c1	0	0	0	0	100	0
GF23_d36_c2	0	0	0	0	100	0
GF23_d36_c3	0	0	0	0	100	0
GF23_d36_c4	0	0	6.14625	0	93.85375	0
GF23_d39_damb	9.27951	0	86.63417	0	4.08632	0
GF23_d47_dama	0	0	0	0	0	0
GF23_d47_damb	12.82067	0	80.34276	0	6.83657	0
GF23_d47_damc	0	0	0	0	0	0
GF23_d52_a1	0	0	0	0	0	0
GF23_d52_a2	0	0	0.47125	0	99.52875	0
GF23_d52_a5	0	0	0.98177	0	99.01823	0
GF23_d52_a6	0	0	0	0	0	0
GF23_d52_a8	0	0	0.06848	0	99.93152	0
GF23_d52_a9	0	0	0.61549	0	99.38451	0
GF23_d54_damc	6.94825	0	87.10313	0	5.94862	0
GF23_d56_c2	0	0	0	0	100	0
GF23_d56_c3	0	0	0	0	100	0
GF23_d56_c6	0	0	0.15615	0	99.84385	0
GF23_d57_c2	0	0	1.73839	0	98.26161	0
GF23_d57_c4	0	0	0	0	100	0
GF23_d57_c5	0	0	0	0	0	0
GF23_d58_c3	0	0	100	0	0	0
GF23_d59_c1	0	0	7.14575	0	92.85425	0
GF23_d59_c2	0	0	100	0	0	0
GF23_d59_c4	0	0	100	0	0	0
GF23_d59_c6	0	0	0	0	100	0
GF23_d62_dama	4.59217	0	89.21813	0	6.1897	0
GF23_d62_damb	8.92074	0	84.2437	0	6.83556	0
GF23_d62_damc	8.78291	0	80.17652	0	11.04057	0
GF23_d7_damb	62.34164	0	31.63246	0	6.02589	0
GF23_d7_damc	14.94552	0	75.8418	0	9.21268	0
GF23_d77_damb	12.44551	0	79.72289	0	7.8316	0
GF23_d80_c3	0	0	0	0	100	0
GF23_d80_c5	0	0	0	0	0	0
GF23_d80_c7	0	0	0	0	100	0
GF23_d82_c2	0	0	0	0	0	0
GF23_d82_c6	0	0	0	0	0	0
GF23_d83_c4	0	0	0	0	0	0
GF23_d83_c5	0	0	0	0	0	0
GF23_d84_c1	0	0	100	0	0	0
GF23_d84_c2	0	0	100	0	0	0
GF23_d84_c3	0	0	100	0	0	0
GF23_d84_c4	0	0	100	0	0	0
GF23_d84_c5	0	0	100	0	0	0
GF23_d84_c9	0	0	100	0	0	0
GF23_d89_damb	10.68078	0	83.11231	0	6.20691	0
GF23_d89_damc	2.16986	0	88.91289	0	8.91725	0
GF3_AB_Sire_day4	41.71299	0	53.41849	0	4.86852	0
GF3_B_Sire_day19	42.5125	0	47.55805	0	9.92945	0
GF3_B_Sire_day30	32.16714	0	57.57864	0	10.25422	0
GF3_C_dam_day19	31.59842	0	67.09523	0	1.30635	0
GF3_C_dam_day4	26.87296	0	11.22841	0	61.89863	0
GF3_C_Sire_day19	13.57464	0	29.03075	0	57.39462	0
GF3_C_Sire_day30	46.9662	0	47.93049	0	5.10331	0
GF3_C_Sire_day4	46.21263	0	48.14305	0	5.64432	0
GF3_C1_day30	54.95997	0	19.09457	0	25.94546	0
GF3_C1_day32	54.24991	0	28.59824	0	17.15185	0
GF3_C1_day34	55.96762	0	32.97364	0	11.05874	0
GF3_C2_day30	0	0	0.16191	0	99.83809	0
GF3_C2_day32	9.91644	0	12.39263	0	77.69093	0
GF3_C2_day35	31.59842	0	67.09523	0	1.30635	0
GF3_C2_day38	4.78405	0	3.01642	0	92.19953	0
GF3_C2_day39	4.8555	0	21.55315	0	73.59134	0
GF3_C2_day40	1.00884	0	9.57851	0	89.41265	0
GF3_C2_day41	18.73979	0	81.26021	0	0	0
GF3_C2_day42	25.46477	0	57.30731	0	17.22792	0
GF3_C2_day45	38.62494	0	49.67454	0	11.70051	0
GF3_C3_day30	50.91623	0	26.30903	0	22.77474	0
GF3_C3_day32	0	0	1.1922	0	98.8078	0
GF3_C3_day34	27.97982	0	65.01144	0.02018	6.98857	0
GF3_C3_day35	29.57829	0	68.13534	0	2.28637	0
GF3_C3_day39	0	0	0	0	100	0
GF3_C3_day40	0.48816	0	3.43436	0	96.07747	0
GF3_C3_day41	0	0	100	0	0	0
GF3_C3_day42	19.10468	0	60.07903	0	20.81629	0
GF3_C3_day45	45.31227	0	47.72307	0	6.96466	0
GF3_C4_day30	64.01304	0	18.26248	0	17.72448	0
GF3_C4_day32	0	0	4.23	0	95.77	0
GF3_C4_day34	40.52758	0	48.50211	0	10.97031	0
GF3_C4_day38	0.72192	0	0.26995	0	99.00813	0
GF3_C4_day39	1.38912	0	2.9861	0	95.62477	0
GF3_C4_day40	0	0	100	0	0	0
GF3_C4_day41	13.78776	0	86.21224	0	0	0
GF3_C4_day42	35.17645	0	52.85628	0	11.96727	0
GF3_C4_day45	34.21025	0	57.47678	0	8.31298	0
GF3_C5_day30	0.35395	0	0.12041	0	99.52564	0
GF3_C5_day39	1.73798	0	12.39642	0	85.86561	0
GF3_C5_day41	0.41112	0	99.58888	0	0	0
GF3_C5_day42	46.52835	0	43.51185	0	9.9598	0
GF3_C5_day45	57.13328	0	37.01341	0	5.85331	0
GF3_C6_day30	1.11041	0	2.92191	0	95.96768	0
GF3_C6_day35	0	0	0	0	100	0
GF3_C6_day38	0	0	0	0	100	0
GF3_C6_day39	2.1763	0	9.16038	0	88.66333	0
GF3_C6_day41	10.69772	0	77.86961	0	11.43267	0
GF3_C6_day42	57.31886	0	36.91495	0	5.76619	0
GF3_C6_day45	51.67369	0	39.44715	0	8.87916	0
GF3_C7_day40	17.95539	0	82.04461	0	0	0
GF3_C7_day41	38.84773	0	54.39029	0	6.76198	0
GF3_C7_day42	13.69841	0	74.99633	0	11.30526	0
GF3_C7_day45	41.70374	0	47.78776	0	10.5085	0
GF3_C8_day30	22.24065	0	10.44871	0	67.31064	0
GF3_C8_day32	0.05581	0	8.00998	0	91.93421	0
GF3_C8_day34	46.21263	0	48.14305	0	5.64432	0
GF3_C8_day39	1.30801	0	4.68598	0	94.00601	0
GF3_C8_day40	0	0	100	0	0	0
GF3_C8_day41	62.27529	0	30.97341	0	6.75131	0
GF3_C8_day42	47.13748	0	46.35825	0	6.50427	0
GF3_C8_day45	49.52601	0	45.33723	0	5.13677	0
GF3_C9_day30	15.19613	0	16.54278	0	68.26109	0
GF3_C9_day32	62.07286	0	22.16777	0	15.75938	0
GF3_C9_day34	46.45479	0	50.22234	0	3.32286	0
GF3_C9_day38	3.22685	0	2.10749	0	94.66566	0
GF3_C9_day39	3.75526	0	12.53201	0	83.71274	0
GF3_C9_day40	0	0	41.72633	0	58.27367	0
GF3_C9_day41	15.67679	0	68.22811	0	16.0951	0
GF3_C9_day42	48.83157	0	42.36841	0	8.80002	0
GF3_C9_day45	61.03244	0	31.58326	0	7.3843	0
GF3_inoc	16.23477	0	54.63425	0	29.13098	0
GF4_A0	0	0	0	0	0	0
GF4_B0	0	0	0	0	0	0
GF4_B1_D35	18.13104	0	81.86896	0	0	0
GF4_B1_D36	0.59973	0	86.99941	0	12.40086	0
GF4_B1_d37	0	0	100	0	0	0
GF4_B2_d35	1.13433	0	16.33196	0	82.53371	0
GF4_B2_d36	0	0	0	0	100	0
GF4_B2_d37	0	0	0	0	0	0
GF4_B3_d35	14.99204	0	85.00796	0	0	0
GF4_B3_d36	4.34166	0	73.41676	0	22.24158	0
GF4_B3_d37	0	0	100	0	0	0
GF4_B3_d38	0	0	0	0	0	0
GF4_B3_d42	53.55772	0	40.6225	0	5.81978	0
GF4_B3_d43	44.13371	0	52.30785	0	3.55844	0
GF4_B3_d44	73.65812	0	23.6255	0	2.71638	0
GF4_B3_d46	77.56029	0	15.31131	0	7.12841	0
GF4_B3_LI	90.22326	0	5.62195	0	4.15478	0
GF4_B3_MLN	0	0	0	0	0	0
GF4_B3_SI	96.6448	0	3.3552	0	0	0
GF4_B4_d35	10.58381	0	89.41619	0	0	0
GF4_B4_d37	0	0	0	0	0	0
GF4_B4_d38	0	0	100	0	0	0
GF4_B5_d35	2.06697	0	78.5023	0	19.43073	0
GF4_Bdam_d10	59.57224	0	38.06849	0	2.35927	0
GF4_Bsire_d10	56.15246	0	38.91378	0	4.93376	0
GF4_Bsire_d2	69.96521	0	23.54905	0	6.48573	0
GF4_C0	0	0	0	0	0	0
GF4_C1_d36	0	0	3.67169	0	96.32831	0
GF4_C1_D37	0	0	46.61874	0	53.38126	0
GF4_C1_d39	0.10618	0	63.12708	0	36.76674	0
GF4_C1_d41	0	0	0	0	0	0
GF4_C1_d43	0	0	76.5445	0	23.4555	0
GF4_C1_d46	0	0	82.8481	0	17.1519	0
GF4_C1_LI	58.89099	0	33.7827	0	7.32631	0
GF4_C1_MLN	0	0	0	0	0	0
GF4_C1_SI	74.12533	0	18.20344	0	7.67123	0
GF4_C2_d35	0	0	81.13808	0	18.86192	0
GF4_C2_D36	0	0	58.7277	0	41.2723	0
GF4_C2_d37	0	0	44.70805	0	55.29195	0
GF4_C2_d38	0	0	65.004	0	34.996	0
GF4_C2_d39	0	0	69.4231	0	30.5769	0
GF4_C2_d43	1.71639	0	87.76359	0	10.52002	0
GF4_C2_d45	2.39023	0	87.786	0	9.82377	0
GF4_C2_d46	15.77826	0	71.31127	0	12.91047	0
GF4_C2_LI	97.89862	0	1.458	0	0.64339	0
GF4_C2_MLN	0	0	0	0	0	0
GF4_C2_SI	99.79752	0	0.20248	0	0	0
GF4_C3_d35	1.04135	0	61.70128	0	37.25737	0
GF4_C3_d36	0.37763	0	29.01738	0	70.60499	0
GF4_C3_d38	0	0	76.09519	0	23.90481	0
GF4_C3_d41	0	0	0	0	0	0
GF4_C3_d42	1.22375	0	86.67525	0	12.101	0
GF4_C3_d43	11.6821	0	78.00183	0	10.31607	0
GF4_C3_d44	15.21052	0	77.50881	0	7.28067	0
GF4_C3_d45	19.36727	0	69.13473	0	11.498	0
GF4_C3_d46	5.15493	0	83.06481	0	11.78026	0
GF4_C3_LI	80.82215	0	14.1783	0	4.99954	0
GF4_C3_MLN	0	0	0	0	0	0
GF4_C3_SI	98.35113	0	1.3562	0	0.29266	0
GF4_C4_d35	3.26055	0	80.5892	0	16.15025	0
GF4_C4_d36	2.13291	0	89.5761	0	8.29099	0
GF4_C4_d37	0	0	65.48258	0	34.51742	0
GF4_C4_d38	0	0	0	0	0	0
GF4_C4_D39	0.52787	0	85.61207	0	13.86006	0
GF4_C5_d43	0.08055	0	86.78223	0	13.13722	0
GF4_C5_d45	11.49531	0	71.69311	0	16.81158	0
GF4_C5_d46	6.78781	0	83.00318	0	10.20901	0
GF4_C5_LI	88.52486	0	8.69578	0	2.77936	0
GF4_C5_MLN	0	0	0	0	0	0
GF4_C5_SI	100	0	0	0	0	0
GF4_Cdam_d16	22.93221	0	71.89862	0	5.16917	0
GF4_Csire_d16	36.16496	0	60.3606	0	3.47445	0
GF4_Csire_d2	53.16397	0	38.64854	0	8.18749	0
GF4_EMPTY	0	0	0	0	0	0
GF4_INOC_GF45	64.44663	0	28.29277	0	7.2606	0
GF4_W1	0	0	0	0	0	0
GF4_W2	0	0	0	0	0	0
GF4_W3	0	0	0	0	0	0
GF4_W4	0	0	0	0	0	0
GF4_W5	0	0	0	0	0	0
GF5_A_DAM_D0	0	0	0	0	100	0
GF5_A_DAM_D24	56.22462	0	38.48056	0	5.29482	0
GF5_A1_COLON_190628	0	0	0	0	0	0
GF5_A1_COLON_190815	67.74715	0	29.63477	0	2.61809	0
GF5_A1_D46	1.24955	0	9.14565	0	89.6048	0
GF5_A1_D47	0.95731	0	44.05126	0	54.99143	0
GF5_A1_D48	0	0	0	0	100	0
GF5_A1_D79	6.89586	0	3.37781	0	89.72633	0
GF5_A1_D80	0.29311	0	0.27618	0	99.43072	0
GF5_A1_D81	0.33733	0	1.85156	0	97.81111	0
GF5_A1_D82	0	0	0	0	0	0
GF5_A1_D83	0	0	100	0	0	0
GF5_A1_D88	6.87218	0	48.01803	0	45.10979	0
GF5_A2_COLON_190628	0	0	100	0	0	0
GF5_A2_D46	1.28945	0	4.33968	0	94.37087	0
GF5_A2_D48	69.6031	0	23.21979	0	7.17711	0
GF5_A2_D79	9.06376	0	3.36432	0	87.57192	0
GF5_A2_D80	0	0	0	0	100	0
GF5_A3_COLON_190628	0	0	85.55444	0	14.44556	0
GF5_A3_D46	6.6925	0	5.19392	0	88.11358	0
GF5_A3_D80	0	0	0	0	0	0
GF5_A4_COLON_190628	0	0	0	0	0	0
GF5_A4_D46	1.372	0	3.41918	0	95.20882	0
GF5_A4_D48	0	0	100	0	0	0
GF5_A4_D79	0	0	0	0	0	0
GF5_A5_D46	1.24414	0	1.51628	0	97.23958	0
GF5_A5_D47	0	0	0	0	0	0
GF5_A5_D79	0	0	45.30301	0	54.69699	0
GF5_A5_D80	0	0	100	0	0	0
GF5_A6_COLON_190628	0	0	0	0	0	0
GF5_A6_D81	1.42213	0	12.96479	0	85.61308	0
GF5_A6_D82	12.94094	0	58.9488	0	28.11026	0
GF5_A7_COLON_190628	0	0	0	0	0	0
GF5_A7_COLON_190815	84.61875	0	12.46527	0	2.91598	0
GF5_A7_D46	0.9025	0	8.03493	0	91.06258	0
GF5_A7_D79	0.47309	0	88.90853	0	10.61838	0
GF5_A7_D80	17.11014	0	60.58302	0	22.30684	0
GF5_A7_D81	12.03925	0	82.77284	0	5.1879	0
GF5_A7_D82	60.00185	0	39.99815	0	0	0
GF5_A7_D83	0	0	100	0	0	0
GF5_A7_D84	0.92209	0	94.48067	0	4.59724	0
GF5_A7_D87	43.7685	0	50.88394	0	5.34756	0
GF5_A8_COLON_190815	61.13288	0	35.16954	0	3.69759	0
GF5_A8_D79	0.36358	0	17.73513	0	81.90129	0
GF5_A8_D83	0	0	100	0	0	0
GF5_A8_D87	2.10524	0	93.63518	0	4.25958	0
GF5_B_COLON_M1	0	0	0	0	100	0
GF5_B_COLON_M2	0	0	19.62138	0	80.37862	0
GF5_B_COLON_M3	0	0	0	0	0	0
GF5_B_COLON_M4	0	0	0	0	0	0
GF5_B_COLON_P1	100	0	0	0	0	0
GF5_B_DAM_D3	44.42415	0	49.54122	0	6.03463	0
GF5_B1_COLON_190815	6.1868	0	89.02195	0	4.79125	0
GF5_B1_D80	0	0	2.2705	0	97.7295	0
GF5_B1_D82	7.63627	0	25.66591	0	66.69783	0
GF5_B1_D83	0	0	33.15311	0	66.84689	0
GF5_B1_D84	0	0	36.5467	0	63.4533	0
GF5_B2_D79	0	0	0	0	100	0
GF5_B2_D80	0	0	0	0	100	0
GF5_B3_COLON_190815	9.90658	0	83.16389	0	6.92953	0
GF5_B3_D79	0.11946	0	2.27953	0	97.60101	0
GF5_B3_D81	0	0	92.29696	0	7.70304	0
GF5_B3_D82	0	0	48.66411	0	51.33589	0
GF5_B3_D83	0	0	32.82118	0	67.17882	0
GF5_B4_D79	0.6507	0	62.92896	0	36.42034	0
GF5_B5_D79	0.43635	0	72.91035	0	26.6533	0
GF5_B5_D80	0	0	62.62711	0	37.37289	0
GF5_B6_COLON_190815	20.56245	0	71.65717	0	7.78038	0
GF5_B6_D79	0	0	14.70301	0	85.29699	0
GF5_B6_D84	0.35657	0	93.57764	0	6.06579	0
GF5_B7_COLON_190815	12.86159	0	75.64917	0	11.48924	0
GF5_B7_D79	0.14619	0	97.18658	0	2.66724	0
GF5_B7_D80	0.01591	0	83.52085	0	16.46325	0
GF5_B7_D82	0	0	88.23158	0	11.76842	0
GF5_B7_D84	0	0	0	0	0	0
GF5_C_DAM_D0	0	0	0	0	0	0
GF5_C_DAM_D24	26.97307	0	69.73492	0	3.292	0
GF5_C_DAM_D3	52.13986	0	44.12509	0	3.73505	0
GF5_C1_COLON_190628	0.96743	0	82.86584	0	16.16674	0
GF5_C1_COLON_190815	0	0	21.18323	0	78.81677	0
GF5_C1_D46	0.02131	0	10.59744	0	89.38125	0
GF5_C1_D47	0.13587	0	27.61766	0	72.24647	0
GF5_C1_D48	10.12398	0	46.95833	0	42.91769	0
GF5_C2_COLON_190815	0	0	0	0	100	0
GF5_C2_D46	0.74889	0	10.05695	0	89.19416	0
GF5_C3_COLON_190628	0	0	78.03324	0	21.96676	0
GF5_C3_COLON_190815	0	0	0	0	100	0
GF5_C3_D46	1.30364	0	1.70975	0	96.9866	0
GF5_C4_COLON_190628	0	0	59.84067	0	40.15933	0
GF5_C4_D46	0.76863	0	15.64176	0	83.58961	0
GF5_C4_D47	0	0	6.12645	0	93.87355	0
GF5_C5_COLON_190628	0	0	71.96499	0	28.03501	0
GF5_C5_D47	2.37838	0	1.37569	0	96.24593	0
GF5_C6_D46	1.64819	0	0.80604	0	97.54577	0
GF5_COLON_A1	0	0	0	0	100	0
GF5_COLON_A2	0	0	0	0	100	0
GF5_EMPTY	0	0	0	0	0	0
GF6_A1_COLON_D54	0	0	81.28818	0	18.71182	0
GF6_A1_COLON_D88	0	0	23.03318	0	76.96682	0
GF6_A1_D53	1.2494	0	19.86886	0	78.88174	0
GF6_A1_D87	0	0	58.26728	0	41.73272	0
GF6_A1_D88	0	0	0	0	0	0
GF6_A2_COLON_D105	21.83993	0	77.51842	0	0.64164	0
GF6_A2_COLON_D54	0.20931	0	70.06787	0	29.72282	0
GF6_A2_D51	0	0	13.68719	0	86.31281	0
GF6_A2_D52	0	0	0	0	100	0
GF6_A2_D87	12.59974	0	16.59299	0	70.80727	0
GF6_A2_D93	1.81383	0	72.61228	0	25.57389	0
GF6_A3_COLON_D54	0	0	83.12764	0	16.87236	0
GF6_A3_COLON_D88	0	0	6.08236	0	93.91764	0
GF6_A3_D51	11.91587	0	5.9688	0	82.11532	0
GF6_A3_D52	0.80719	0	24.75062	0	74.44219	0
GF6_A3_D53	2.21508	0	33.31576	0	64.46915	0
GF6_A3_D87	0	0	0	0	100	0
GF6_A4_COLON_D105	22.21706	0	76.82394	0	0.959	0
GF6_A4_COLON_D54	0	0	55.60658	0	44.39342	0
GF6_A4_D51	0	0	28.73958	0	71.26042	0
GF6_A4_D53	2.50157	0	22.06905	0	75.42938	0
GF6_A4_D93	1.94222	0	80.89322	0	17.16456	0
GF6_A5_COLON_D105	27.7575	0	70.70019	0	1.5423	0
GF6_A5_D51	0	0	16.97531	0	83.02469	0
GF6_A5_D87	6.47996	0	0	0	93.52004	0
GF6_A5_D90	32.65667	0	19.76935	0	47.57398	0
GF6_A5_D91	7.59475	0	48.19556	0	44.20969	0
GF6_A6_COLON_D105	13.38067	0	84.87168	0	1.74764	0
GF6_A6_COLON_D54	0.42237	0	83.61007	0	15.96755	0
GF6_A6_D53	0.91311	0	24.1925	0	74.89439	0
GF6_A6_D87	0	0	6.50929	0	93.49071	0
GF6_A6_D88	0	0	10.08161	0	89.91839	0
GF6_A6_D91	1.28994	0	72.6669	0	26.04317	0
GF6_A7_D87	0	0	0	0	100	0
GF6_A8_COLON_D105	16.7386	0	82.06619	0	1.19521	0
GF6_A8_COLON_D54	0	0	93.15302	0	6.84698	0
GF6_A8_D51	1.70156	0	5.99787	0	92.30057	0
GF6_A8_D52	0	0	7.64895	0	92.35105	0
GF6_A8_D53	3.66071	0	58.81001	0	37.52928	0
GF6_A8_D89	0.51218	0	55.77404	0	43.71378	0
GF6_A8_D91	13.16728	0	77.26038	0	9.57233	0
GF6_A8_D93	2.82614	0	77.57665	0	19.59721	0
GF6_ADAM_D0	1.84337	0	66.99417	0	31.16246	0
GF6_ADAM_D67	0	0	0	0	0	0
GF6_ASIRE_D57	60.90151	0	34.80146	0	4.29702	0
GF6_B_DAM_D22	55.50471	0	39.9868	0	4.50849	0
GF6_B1_COLON_D105	0	0	0	0	0	0
GF6_B1_D63	1.85168	0	1.37318	0	96.77514	0
GF6_B1_D64	1.91589	0	2.76584	0	95.31826	0
GF6_B1_D66	0	0	100	0	0	0
GF6_B1_D87	0	0	0	0	100	0
GF6_B1_D89	58.22707	0	35.55714	0	6.2158	0
GF6_B1_D91	22.20171	0	71.43111	0	6.36718	0
GF6_B1_D93	2.17353	0	41.81545	0	56.01103	0
GF6_B10_D63	0.27419	0	1.18549	0	98.54032	0
GF6_B10_D64	0.87194	0	7.16427	0	91.96378	0
GF6_B10_D66	0	0	0	0	0	0
GF6_B2_COLON_D105	22.18197	0	75.10439	0	2.71364	0
GF6_B2_D63	0.85669	0	43.56817	0	55.57515	0
GF6_B2_D66	0	0	21.59868	0	78.40132	0
GF6_B2_D87	0	0	16.5631	0	83.4369	0
GF6_B2_D89	69.18771	0	30.81229	0	0	0
GF6_B3_COLON_D105	24.89896	0	73.16219	0	1.93885	0
GF6_B3_D63	1.22541	0	3.86507	0	94.90952	0
GF6_B3_D66	0.29986	0	83.37041	0	16.32973	0
GF6_B3_D87	1.53608	0	27.72187	0	70.74205	0
GF6_B3_D89	0	0	0	0	100	0
GF6_B3_D91	12.54179	0	87.45821	0	0	0
GF6_B3_D93	48.41796	0	47.30793	0	4.27411	0
GF6_B4_COLON_D105	28.72467	0	68.73326	0	2.54208	0
GF6_B4_D64	2.14736	0	6.16069	0	91.69195	0
GF6_B4_D66	0	0	100	0	0	0
GF6_B4_D87	1.53934	0	25.27604	0	73.18462	0
GF6_B4_D89	40.8675	0	59.1325	0	0	0
GF6_B4_D90	0	0	0	0	0	0
GF6_B4_D93	28.33239	0	61.29875	0	10.36886	0
GF6_B5_COLON_D105	25.708	0	71.39268	0	2.89932	0
GF6_B5_D66	0	0	100	0	0	0
GF6_B5_D87	0	0	0	0	0	0
GF6_B5_D90	65.1004	0	34.8996	0	0	0
GF6_B5_D91	67.8098	0	32.1902	0	0	0
GF6_B6_COLON_D105	25.53486	0	71.25636	0	3.20878	0
GF6_B6_D63	1.05813	0	7.34992	0	91.59195	0
GF6_B6_D64	1.36745	0	8.15577	0	90.47678	0
GF6_B6_D66	0	0	90.61277	0	9.38723	0
GF6_B6_D87	0	0	0	0	100	0
GF6_B6_D90	55.92411	0	44.07589	0	0	0
GF6_B6_D91	17.86355	0	82.13645	0	0	0
GF6_B6_D93	1.01776	0	60.66779	0	38.31445	0
GF6_B7_COLON_D105	12.40464	0	84.80384	0	2.79152	0
GF6_B7_D63	1.33669	0	16.88059	0	81.78272	0
GF6_B7_D66	0	0	77.53774	0	22.46226	0
GF6_B7_D87	0	0	1.03911	0	98.96089	0
GF6_B7_D90	62.71699	0	37.28301	0	0	0
GF6_B7_D91	100	0	0	0	0	0
GF6_B7_D93	0	0	81.86983	0	18.13017	0
GF6_B8_COLON_D105	11.58468	0	82.91517	0	5.50015	0
GF6_B8_D63	1.32866	0	4.0756	0	94.59574	0
GF6_B8_D66	0	0	84.98462	0	15.01538	0
GF6_B8_D91	0.64463	0	87.88785	0	11.46753	0
GF6_B9_D63	0	0	0	0	0	0
GF6_B9_D66	0	0	92.40079	0	7.59921	0
GF6_GF6MERO3_COLON	0	0	0	0	0	0
GF6_GFMERO1_COLON	0	0	0	0	0	0
GF6_GFMERO2_COLON	0	0	0	0	0	0
GF6_GFPBS1_COLON	0	0	100	0	0	0
GF6_GFPBS2_COLON	0	0	100	0	0	0
GF6_GFPBS3_COLON	0	0	100	0	0	0
GF6_INOC	49.122	0	42.74161	0	8.1364	0
GF6_WATER_D9	0	0	0	0	0	0
GF6_WATER_H11	77.69976	0	13.0856	0	9.21464	0
GF6_WATER_H12	0	0	0	0	0	0
GF6_WATER	0	0	0	0	0	0
GF7_A1_COLON_D47	0	6.64368	82.35679	0	9.31484	1.68468
GF7_A3_COLON_D47	0	0	78.11987	0	21.88013	0
GF7_A4_COLON_D47	0	0	93.19266	0	6.80734	0
GF7_A5_COLON_D47	0	0	96.12533	0	3.87467	0
GF7_A6_COLON_D47	0	0	92.96064	0	7.03936	0
GF7_A7_COLON_D47	0	0	82.93775	0	17.06225	0
GF7_ADAM_D0	100	0	0	0	0	0
GF7_ADAM_D5	41.13349	0	53.03727	0	5.82924	0
GF7_ADAM_D78	50.36411	0	43.1915	0	6.44438	0
GF7_ASIRE_D22	0	0	0	0	0	0
GF7_ASIRE_D36	1.80472	0	77.58599	0	20.60929	0
GF7_B1_COLON_D47	1.24397	0	85.04394	0	13.71209	0
GF7_B1_D30	0	0	7.19167	0	92.80833	0
GF7_B1_D31	0	0	26.5351	0	73.4649	0
GF7_B1_D32	0	0	73.35137	0	26.64863	0
GF7_B1_D33	0	0	75.86781	0	24.13219	0
GF7_B1_D36	0	0	75.6872	0	24.3128	0
GF7_B2_COLON_D47	1.86219	0	83.93645	0	14.20137	0
GF7_B2_D30	0	0	2.04341	0	97.95659	0
GF7_B2_D34	0	0	69.88318	0	30.11682	0
GF7_B2_D36	0	0	63.26008	0	36.73992	0
GF7_B3_D30	0	0	2.11308	0	97.88692	0
GF7_B3_D31	0	0	23.09656	0	76.90344	0
GF7_B3_D33	0	0	75.15624	0	24.84376	0
GF7_B3_D36	0	0	66.73413	0	33.26587	0
GF7_B4_COLON_D47	0	0	63.41103	0	36.58897	0
GF7_B4_D35	0	0	87.33285	0	12.66715	0
GF7_B4_D36	0	0	69.03002	0	30.96998	0
GF7_B5_COLON_D47	2.20333	0	75.73507	0	22.0616	0
GF7_B5_D30	0	0	15.06171	0	84.93829	0
GF7_B5_D36	0	0	64.48429	0	35.51571	0
GF7_B6_COLON_D47	0	0	0	0	100	0
GF7_B7_COLON_D47	0	0	0	0	0	0
GF7_B8_COLON_D47	0	0	0	0	100	0
GF7_BDAM_D1	0	0	49.34086	0	50.65914	0
GF7_BDAM_D78	4.00992	0	75.81163	0	20.17845	0
GF7_BSIRE_D12	2.67459	0	79.29593	0	18.02948	0
GF7_BSIRE_D20	2.03949	0	90.01982	0	7.94069	0
GF7_BSIRE_D36	1.20541	0	94.13535	0	4.65924	0
GF7_C1_COLON_D47	0	0	90.72845	0	9.27155	0
GF7_C1_D30	0	0	14.74032	0	85.25968	0
GF7_C1_D34	0	0	100	0	0	0
GF7_C1_D36	0	0	79.83473	0	20.16527	0
GF7_C2_COLON_D47	0	0	78.19641	0	21.80359	0
GF7_C2_D30	0	0	3.98877	0	96.01123	0
GF7_C2_D32	0	0	100	0	0	0
GF7_C2_D33	0.6157	0	99.3843	0	0	0
GF7_C2_D36	0	0	77.63509	0	22.36491	0
GF7_C3_COLON_D47	0	0	79.95251	0	20.04749	0
GF7_C3_D30	0	0	0.14309	0	99.85691	0
GF7_C3_D31	0	0	1.2602	0	98.7398	0
GF7_C3_D33	0	0	100	0	0	0
GF7_C3_D34	0	0	99.88654	0	0.11346	0
GF7_C4_COLON_D47	0	0	86.18124	0	13.81876	0
GF7_C4_D31	0	0	2.34751	0	97.65249	0
GF7_C4_D32	0	0	11.83627	0	88.16373	0
GF7_CONTAMINANT	0	91.4932	8.5068	0	0	0
GF7_INOC	0	0	17.84511	0	82.15489	0
GF7_WATER_A12	0	0	0	0	0	0
GF7_WATER_B7	0	0	0	0	0	0
GF7_WATER_C8	0	0	0	0	0	0
GF7_WATER_D9	0	0	0	0	0	0
GF7_WATER_H2	0	0	0	0	0	0
GF7_WATER_H8	0	0	0	0	0	0
GF7_WATER	0	0	0	0	100	0
GF8_A1_COLON_D46	0.16584	0	87.57078	0	12.26338	0
GF8_A1_D30	0.28834	0	62.32206	0	37.3896	0
GF8_A1_D33	0	0	0	0	100	0
GF8_A1_D35	0	0	45.0627	0	54.9373	0
GF8_A2_COLON_D46	0.36331	0	86.38639	0	13.2503	0
GF8_A2_D30	1.3621	0	8.28582	0	90.35208	0
GF8_A2_D35	0	0	16.55393	0	83.44607	0
GF8_A3_D30	0.45107	0	18.08316	0	81.46577	0
GF8_A4_D30	29.94613	0	20.52163	0	49.53225	0
GF8_A4_D31	0	0	0	0	100	0
GF8_A4_D32	0	0	4.41033	0	95.58967	0
GF8_A4_D33	0	0	0.49454	0	99.50546	0
GF8_A5_D30	3.98013	0	0.09688	0	95.92299	0
GF8_A7_D32	0	0	76.51984	0	23.48016	0
GF8_ADAM_D0	1.62728	0	81.10639	0	17.26633	0
GF8_B1_COLON_D46	0.19255	0	85.64891	0	14.15854	0
GF8_B1_D31	0	0	0.34931	0	99.65069	0
GF8_B1_D32	0.24956	0	56.89595	0	42.85449	0
GF8_B1_D34	0.105	0	78.17061	0	21.72439	0
GF8_B2_D32	0	0	81.39413	0	18.60587	0
GF8_B3_D46	2.28761	0	39.28751	0	58.42488	0
GF8_B4_COLON_D46	0.37161	0	87.6897	0	11.93869	0
GF8_B4_D30	0	0	9.50078	0	90.49922	0
GF8_B4_D33	0	0	76.25307	0	23.74693	0
GF8_B5_COLON_D46	0.03581	0	74.65812	0	25.30608	0
GF8_B5_D34	0.20196	0	85.22277	0	14.57527	0
GF8_B5_D35	0	0	69.56449	0	30.43551	0
GF8_B6_COLON_D46	0.44749	0	93.16667	0	6.38584	0
GF8_B6_D30	0.02283	0	18.54925	0	81.42792	0
GF8_B6_D33	0	0	77.68761	0	22.31239	0
GF8_B6_D34	0	0	83.09652	0	16.90348	0
GF8_B6_D35	0	0	65.43275	0	34.56725	0
GF8_B7_D33	0	0	52.16051	0	47.83949	0
GF8_C1_COLON_D46	0	0	88.31871	0	11.68129	0
GF8_C1_D31	0	0	0	0	100	0
GF8_C1_D32	0	0	55.68122	0	44.31878	0
GF8_C1_D33	0	0	56.20519	0	43.79481	0
GF8_C1_D34	0.28804	0	84.87578	0	14.83618	0
GF8_C2_COLON_D46	0	0	76.45095	0	23.54905	0
GF8_C2_D30	17.69662	0	39.63077	0	42.67261	0
GF8_C2_D31	0	0	0	0	100	0
GF8_C3_D30	0.37046	0	20.00007	0	79.62947	0
GF8_C4_COLON_D46	0	0	74.63371	0	25.36629	0
GF8_C4_D30	0.15265	0	19.9824	0	79.86496	0
GF8_C4_D35	0	0	85.49796	0	14.50204	0
GF8_C5_COLON_D46	0	0	74.31619	0	25.68381	0
GF8_C5_D30	0	0	1.21185	0	98.78815	0
GF8_C5_D35	0	0	80.0765	0	19.9235	0
GF8_C6_COLON_D46	0.24304	0	68.775	0	30.98196	0
GF8_C6_D30	0	0	1.11267	0	98.88733	0
GF8_C6_D32	0	0	55.10059	0	44.89941	0
GF8_C6_D34	0	0	88.53547	0	11.46453	0
GF8_C7_COLON_D46	0.36956	0	68.178	0	31.45245	0
GF8_C7_D30	0	0	0	0	100	0
GF8_C7_D33	0	0	71.52971	0	28.47029	0
GF8_C7_D34	0	0	0	0	0	0
GF8_C7_D35	0.41303	0	73.64345	0	25.94352	0
GF8_INOC	2.02909	0	81.15703	0	16.81388	0
GF9_A_DAM_D0	0	0	62.62552	0	37.37448	0
GF9_A1_COLON_D33	0	0	17.77745	0	82.22255	0
GF9_A1_D16	0	0	53.37291	0	46.62709	0
GF9_A1_D19	4.98897	0	62.89398	0	32.11705	0
GF9_A1_D20	0	0	75.05749	0	24.94251	0
GF9_A1_D21	0	0	51.3527	0	48.6473	0
GF9_A2_COLON_D33	0	0	98.36869	0	1.63131	0
GF9_A2_D21	0	0	63.74834	0	36.25166	0
GF9_A3_COLON_D33	0	0	87.18005	0	12.81995	0
GF9_A3_D18	0.07579	0	54.64338	0	45.28083	0
GF9_A3_D19	0	0	48.85892	0	51.14108	0
GF9_A3_D21	0	0	63.00854	0	36.99146	0
GF9_A4_COLON_D33	0	0	78.88645	0	21.11355	0
GF9_A4_D16	0	0	23.628	0	76.372	0
GF9_A4_D17	0.11817	0	65.82625	0	34.05558	0
GF9_A4_D18	0.05248	0	58.67711	0	41.2704	0
GF9_A4_D19	0	0	42.86745	0	57.13255	0
GF9_A4_D20	0	0	68.90776	0	31.09224	0
GF9_A5_COLON_D33	0	0	81.33555	0	18.66445	0
GF9_A5_D18	0.02874	0	58.04949	0	41.92177	0
GF9_A5_D19	0	0	58.4375	0	41.5625	0
GF9_A6_COLON_D33	0	0	85.43066	0	14.56934	0
GF9_A6_D16	0.23046	0	58.5777	0	41.19184	0
GF9_A6_D21	0	0	75.70919	0	24.29081	0
GF9_A7_D16	0	0	1.79809	0	98.20191	0
GF9_A7_D20	0	0	65.47021	0	34.52979	0
GF9_C1_COLON_D33	0.01806	0	91.97826	0	8.00368	0
GF9_C1_D16	0	0	8.87053	0	91.12947	0
GF9_C1_D17	0	0	40.83935	0	59.16065	0
GF9_C1_D19	0	0	80.0143	0	19.9857	0
GF9_C1_D21	0	0	90.07667	0	9.92333	0
GF9_C2_COLON_D33	0	0	93.77621	0	6.22379	0
GF9_C2_D16	0.09126	0	58.62396	0	41.28478	0
GF9_C2_D18	0	0	63.71598	0	36.28402	0
GF9_C2_D21	0	0	85.25333	0	14.74667	0
GF9_C3_D16	0.03462	0	67.22811	0	32.73727	0
GF9_C3_D17	0.00916	0	34.84635	0	65.14449	0
GF9_C3_D19	0	0	90.3949	0	9.6051	0
GF9_C3_D20	0	0	85.11771	0	14.88229	0
GF9_C3_D21	0	0	83.09552	0	16.90448	0
GF9_C4_COLON_D33	0	0	90.12168	0	9.87832	0
GF9_C4_D16	0.11098	0	80.46505	0	19.42397	0
GF9_C4_D17	0	0	21.81131	0	78.18869	0
GF9_C4_D19	0	0	87.38088	0	12.61912	0
GF9_C5_COLON_D33	0	0	91.17781	0	8.82219	0
GF9_C5_D17	0.14909	0	26.49086	0	73.36005	0
GF9_C5_D18	0	0	61.21725	0	38.78275	0
GF9_C5_D20	0	0	91.54614	0	8.45386	0
GF9_C5_D21	0	0	75.6442	0	24.3558	0
GF9_C6_COLON_D33	0	0	90.74191	0	9.25809	0
GF9_C6_D16	0.14556	0	62.63315	0	37.22129	0
GF9_C6_D20	0	0	54.12309	0	45.87691	0
GF9_C6_D21	0	0	76.90217	0	23.09783	0
GF9_C7_COLON_D33	0	0	93.74753	0	6.25247	0
GF9_C7_D16	0.2201	0	63.82991	0	35.94999	0
GF9_C7_D17	0	0	33.6289	0	66.3711	0
GF9_INOC	0.26363	0	66.82951	0	32.90686	0
Gn3_6A_dam	0	0	0	0	0	0
Gn3_6Adam_Stool	0	0	0	0	0	0
Gn3_6B_dam_210806	0	0	0	0	0	0
Gn3_6B_dam_210818	0	0	0	0	0	0
Gn3_6C_dam	4.15783	0	91.18718	0	4.65499	0
Gn3_6Cdam_Stool_210816	7.08683	0	86.23651	0	6.67665	0
Gn3_6Cdam_Stool_211105-1	50.07663	0	43.64817	0	6.2752	0
Gn3_6Cdam_Stool_211105-2	46.78695	0	46.67444	0	6.5386	0
Gn3_6Cdam_Stool_211105-3	40.78578	0	53.73846	0	5.47576	0
Gn3_6D_dam	6.36704	0	80.18813	0	13.44484	0
Gn3_6Ddam_Stool	7.74539	0	79.19697	0	13.05764	0
Gn3_6E_dam	7.41163	0	85.87868	0	6.70969	0
Gn3_6Edam_Stool	2.1902	0	91.42106	0	6.38874	0
Gn3_6F_dam	3.04198	0	88.84346	0	8.11456	0
Gn3_7A_dam_210806	11.96569	0	85.65008	0	2.38423	0
Gn3_7A_dam	5.51637	0	89.63085	0	4.85278	0
Gn3_7ADam_Stool_210806	39.82491	0	56.88666	0	3.28843	0
Gn3_7Adam_Stool_210823	42.37567	0	55.86565	0	1.75868	0
Gn3_7C_dam	55.69369	0	38.96092	0	5.34539	0
Gn3_7D_dam_210806	61.92805	0	34.60193	0	3.47003	0
Gn3_7D_dam_210818	64.23431	0	27.38794	0	8.37774	0
Gn3_7E_dam	45.31583	0	49.39282	0	5.29135	0
Gn3_7Edam_Stool	66.39069	0	30.86335	0	2.74596	0
Gn3_7F_dam	39.80977	0	51.05666	0	9.13357	0
Gn3_7Fdam_Stool	49.35064	0	45.99758	0	4.65178	0
Gn3_8Ddam_Stool_211105-1	0	0	0	0	0	0
Gn3_8Ddam_Stool_211105-2	40.43543	0	2.37767	0	57.1869	0
Gn3_A_Innoc	2.12917	0	79.14139	0	18.72944	0
Gn3_A1_Cwash	0	0	0	0	100	0
Gn3_A1_Stool	0	0	3.83393	0	96.16607	0
Gn3_A2_Cwash	0	0	0	0	100	0
Gn3_A3_Cwash	0	0	0	0	100	0
Gn3_A3_Stool_DoL10	0	0	1.7141	0	98.2859	0
Gn3_A3_Stool_DoL11	0	0	2.78062	0	97.21938	0
Gn3_A4_Cwash	0	0	0	0	100	0
Gn3_A5_Cwash	0	0	0	0	100	0
Gn3_A5_Stool_Dol10	0	0	2.07824	0	97.92176	0
Gn3_A5_Stool_dol11	0	0	5.28336	0	94.71664	0
Gn3_A5_Stool_dol12	0	0	2.56968	0	97.43032	0
Gn3_A6_Cwash	0	0	0	0	100	0
Gn3_AB_Innoc	29.60574	0	60.51706	0	9.8772	0
Gn3_AB10_Cwash	0	0	100	0	0	0
Gn3_AB10_Stool	0	0	0	0	100	0
Gn3_AB11_Cwash	0	0	0	0	0	0
Gn3_AB12_Cwash	0	0	0	0	0	0
Gn3_AB12_Stool	0	0	100	0	0	0
Gn3_AB6_Cwash	0	0	100	0	0	0
Gn3_AB6_Stool	0	0	8.88815	0	91.11185	0
Gn3_AB7_Cwash	0	0	0	0	100	0
Gn3_AB7_Stool	0	0	3.44766	0	96.55234	0
Gn3_AB8_Cwash	0	0	0	0	100	0
Gn3_AB8_Stool	0.16827	0	14.71713	0	85.1146	0
Gn3_AB9_Stool	4.11592	0	20.54948	0	75.3346	0
Gn3_B_Innoc	54.49763	0	40.57719	0	4.92517	0
Gn3_B1_Cwash	0	0	0	0	0	0
Gn3_B1_Stool	0	0	100	0	0	0
Gn3_B10_Cwash	0	0	0	0	100	0
Gn3_B11_Cwash	0	0	32.26087	0	67.73913	0
Gn3_B13_Cwash	0	0	0	0	100	0
Gn3_B13_Stool	0.57817	0	1.73623	0	97.6856	0
Gn3_B14_Cwash	0	0	0	0	100	0
Gn3_B14_Stool	0.06492	0	2.78565	0	97.14943	0
Gn3_B15_Cwash	0	0	0	0	100	0
Gn3_B15_Stool	0	0	3.88007	0	96.11993	0
Gn3_B16_Cwash	0	0	0	0	100	0
Gn3_B2_Cwash	0	0	0	0	0	0
Gn3_B2_Stool	0.33241	0	99.16052	0	0.50707	0
Gn3_B3_Cwash	0	0	0	0	0	0
Gn3_B3_Stool	0.10289	0	98.78281	0	1.1143	0
Gn3_B4_Cwash	0	0	0	0	0	0
Gn3_B4_Stool	0	0	100	0	0	0
Gn3_B5_Cwash	0	0	0	0	0	0
Gn3_B5_Stool	0.86034	0	96.34456	0	2.7951	0
Gn3_B6_Cwash	0	0	0	0	0	0
Gn3_B6_Stool	1.01777	0	10.83665	0	88.14558	0
Gn3_B7_Stool	0	0	100	0	0	0
Gn3_B9_Cwash	0	0	19.23841	0	80.76159	0
Gn3_BP7_Cwash	0	0	7.59141	0	92.40859	0
Gn3_BP8_Cwash	0	0	10.80925	0	89.19075	0
Gn3_BV7_Cwash	0	0	0	0	0	0
Gn3_BV8_Cwash	0	0	0	0	0	0
Gn3_E1_Cwash	0	0	0	0	100	0
Gn3_E2_Cwash	0	0	0	0	100	0
Gn3_F1_Stool	20.20773	0	19.30496	0	60.48731	0
Gn3_F2_Stool	6.54219	0	24.78717	0	68.67063	0
Gn3_PBS_Innoc	0	0	0	0	0	0
Gn3_PBS1_Cwash	0	0	0	0	0	0
Gn3_PBS2_dam	0	0	0	0	0	0
Gn3_PBS3_Cwash	0	0	0	0	0	0
Gn4_E_Innoc	6.12934	0	25.90152	0	67.96914	0
Gn4_F_Innoc	7.5215	0	28.98786	0	63.49064	0
Gn4_G_Innoc	0	0	100	0	0	0
Gn4_H_Innoc	4.54501	0	18.25535	0	77.19964	0
Gn4_I_Innoc	33.57878	0	3.10818	0	63.31304	0
gnoto1_A_inoc	1.89762	0	82.87557	0	15.22681	0
gnoto1_AM1_d10	0	0	3.384	0	96.616	0
gnoto1_AM1_d20_colon	0	0	88.37909	0	11.62091	0
gnoto1_AM2_d10	0	0	17.41193	0	82.58807	0
gnoto1_AM2_d20_colon	0	0	82.7583	0	17.2417	0
gnoto1_AM3_d10	0	0	26.49633	0	73.50367	0
gnoto1_AM3_d20_colon	0	0	85.17338	0	14.82662	0
gnoto1_AM4_d10	0	0	11.66763	0	88.33237	0
gnoto1_AM4_d20_colon	0	0	87.60908	0	12.39092	0
gnoto1_AP1_d10	0	0	1.89035	0	98.10965	0
gnoto1_AP1_d19_colon	0	0	81.86627	0	18.13373	0
gnoto1_AP2_d10	0	0	2.34245	0	97.65755	0
gnoto1_AP2_d19_colon	0	0	82.70915	0	17.29085	0
gnoto1_AP3_d10	0	0	9.32724	0	90.67276	0
gnoto1_AP3_d20_colon	0	0	82.62084	0	17.37916	0
gnoto1_AP4_d10	0	0	7.11898	0	92.88102	0
gnoto1_AP4_d20_colon	0	0	89.31189	0	10.68811	0
gnoto1_B_inoc	56.00419	0	38.87187	0	5.12394	0
gnoto1_BA1_d10	0.86614	0	84.54283	0	14.59103	0
gnoto1_BA1_d20_colon	58.19486	0	39.79245	0	2.01269	0
gnoto1_BA2_d10	69.85149	0	2.08229	0	28.06622	0
gnoto1_BA2_d20_colon	42.7647	0	54.90547	0	2.32983	0
gnoto1_BA3_d10	80.83261	0	4.29232	0	14.87507	0
gnoto1_BA3_d20_colon	60.15915	0	36.58868	0	3.25216	0
gnoto1_BA4_d10	0.68489	0	7.77357	0	91.54154	0
gnoto1_BA4_d20_colon	53.82744	0	42.69295	0	3.47962	0
gnoto1_BM1_d10	2.30998	0	18.96591	0	78.72411	0
gnoto1_BM1_d20_colon	51.21501	0	44.7665	0	4.01849	0
gnoto1_BM2_d10	1.31066	0	14.71188	0	83.97746	0
gnoto1_BM2_d20_colon	50.27995	0	45.64397	0	4.07608	0
gnoto1_BM3_d10	1.56603	0	43.68041	0	54.75356	0
gnoto1_BM3_d20_colon	40.44283	0	54.71172	0	4.84545	0
gnoto1_BM4_d10	8.80256	0	25.1934	0	66.00405	0
gnoto1_BM4_d20_colon	39.51458	0	58.67708	0	1.80834	0
gnoto1_BM5_d10	4.49069	0	16.54599	0	78.96332	0
gnoto1_BM5_d20_colon	15.7487	0	77.35748	0	6.89383	0
gnoto1_BP1_d10	0	0	15.83485	0	84.16515	0
gnoto1_BP1_d20_colon	0.29532	0	95.66449	0	4.04019	0
gnoto1_BP2_d10	0	0	100	0	0	0
gnoto1_BP2_d20_colon	0.80467	0	94.23449	0	4.96085	0
gnoto1_BP3_d10	0.6263	0	7.67746	0	91.69623	0
gnoto1_BP3_d20_colon	3.47515	0	89.11479	0	7.41006	0
gnoto1_BP4_d10	0.13895	0	92.57328	0	7.28777	0
gnoto1_BP4_d20_colon	1.87027	0	91.33134	0	6.79839	0
gnoto2_BA1_d10	78.40164	0	7.137	0	14.46135	0
gnoto2_BA1_d20_colon	33.24854	0	44.44696	0	22.30451	0
gnoto2_BA2_d10	0	0	14.41533	0	85.58467	0
gnoto2_BA2_d20_colon	52.87903	0	39.99884	0	7.12214	0
gnoto2_BA3_d10	87.15704	0	3.32955	0	9.51341	0
gnoto2_BA3_d20_colon	47.76158	0	45.18945	0	7.04896	0
gnoto2_BA4_d10	90.89016	0	2.26802	0	6.84182	0
gnoto2_BA5_d10	0	0	38.49895	0	61.50105	0
gnoto2_BA5_d20_colon	0	0	84.96147	0	15.03853	0
gnoto2_BA6_d20_colon	7.58789	0	76.08594	0	16.32617	0
gnoto2_BA7_d20_colon	49.39575	0	48.23341	0	2.37084	0
gnoto2_BM1_d10	77.62795	0	3.04383	0	19.32822	0
gnoto2_BM1_d20_colon	44.81376	0	52.63597	0	2.55027	0
gnoto2_BM2_d10	88.81386	0	3.25548	0	7.93067	0
gnoto2_BM2_d20_colon	70.62416	0	29.37584	0	0	0
gnoto2_BM3_d10	10.33467	0	23.67683	0	65.9885	0
gnoto2_BM3_d20_colon	39.37967	0	53.76673	0	6.85361	0
gnoto2_BM4_d10	88.6495	0	2.58482	0	8.76568	0
gnoto2_BM4_d20_colon	42.81883	0	51.70988	0	5.47129	0
gnoto2_BM5_d10	30.79018	0	12.06322	0	57.1466	0
gnoto2_BM5_d20_colon	37.94561	0	57.04097	0	5.01343	0
gnoto2_BM6_d10	80.71344	0	4.85526	0	14.4313	0
gnoto2_BM6_d20_colon	35.08838	0	57.18541	0	7.7262	0
gnoto2_BM7_d10	0	0	13.04744	0	86.95256	0
gnoto2_BM7_d20_colon	42.85616	0	53.83662	0	3.30722	0
gnoto2_BP1_d10	5.65193	0	85.73828	0	8.60979	0
gnoto2_BP1_d20_colon	9.53492	0	80.39717	0	10.06791	0
gnoto2_BP2_d10	0.80874	0	27.08367	0	72.10759	0
gnoto2_BP2_d20_colon	20.45039	0	63.61124	0	15.93837	0
gnoto2_BP3_d10	8.93095	0	86.13746	0	4.93159	0
gnoto2_BP4_d10	5.57535	0	27.2631	0	67.16155	0
gnoto2_BP4_d20_colon	0	0	93.3771	0	6.6229	0
gnoto2_BP5_d10	11.27047	0	83.82392	0	4.90561	0
gnoto2_BP5_d20_colon	2.83942	0	88.2406	0	8.91998	0
gnoto2_BP6_d10	0.48643	0	90.47899	0	9.03458	0
gnoto2_BP6_d20_colon	3.0899	0	87.28038	0	9.62972	0
gnoto2_INOC_microA	1.97958	0	83.09435	0	14.92607	0
gnoto2_INOC_microB	42.15228	0	54.25491	0	3.59281	0
